0,0.0000,0.0000,1.03
10,0.0000,0.0000,1.03
20,0.0000,0.0000,1.03
30,0.0000,0.0000,1.03
40,0.0000,0.0000,1.03
50,0.0000,0.0000,1.03
60,0.0000,0.0000,1.03
70,0.0000,0.0000,1.03
80,0.0000,0.0000,1.03
90,0.0000,0.0000,1.03
100,0.0000,0.0000,1.03
110,0.0000,0.0000,1.03
120,0.0000,0.0000,1.03
130,0.0000,0.0000,1.03
140,0.0000,0.0000,1.03
150,0.0000,0.0000,1.03
160,0.0000,0.0000,1.03
170,0.0000,0.0000,1.03
180,0.0000,0.0000,1.03
190,0.0000,0.0000,1.03
200,0.0000,0.0000,1.03
210,0.0000,0.0000,1.03
220,0.0000,0.0000,1.03
230,0.0000,0.0000,1.03
240,0.0000,0.0000,1.03
250,0.0000,0.0000,1.03
260,0.0000,0.0000,1.03
270,0.0000,0.0000,1.03
280,0.0000,0.0000,1.03
290,0.0000,0.0000,1.03
300,0.0000,0.0000,1.03
310,0.0000,0.0000,1.03
320,0.0000,0.0000,1.03
330,0.0000,0.0000,1.03
340,0.0000,0.0000,1.03
350,0.0000,0.0000,1.03
360,0.0000,0.0000,1.03
370,0.0000,0.0000,1.03
380,0.0000,0.0000,1.03
390,0.0000,0.0000,1.03
400,0.0000,0.0000,1.03
410,0.0000,0.0000,1.03
420,0.0000,0.0000,1.03
430,0.0000,0.0000,1.03
440,0.0000,0.0000,1.03
450,0.0000,0.0000,1.03
460,0.0000,0.0000,1.03
470,0.0000,0.0000,1.03
480,0.0000,0.0000,1.03
490,0.0000,0.0000,1.03
500,0.0000,0.0000,1.03
510,0.0000,0.0000,1.03
520,0.0000,0.0000,1.03
530,0.0000,0.0000,1.03
540,0.0000,0.0000,1.03
550,0.0000,0.0000,1.03
560,0.0000,0.0000,1.03
570,0.0000,0.0000,1.03
580,0.0000,0.0000,1.03
590,0.0000,0.0000,1.03
600,0.0000,0.0000,1.03
610,0.0000,0.0000,1.03
620,0.0000,0.0000,1.03
630,0.0000,0.0000,1.03
640,0.0000,0.0000,1.03
650,0.0000,0.0000,1.03
660,0.0000,0.0000,1.03
670,0.0000,0.0000,1.03
680,0.0000,0.0000,1.03
690,0.0000,0.0000,1.03
700,0.0000,0.0000,1.03
710,0.0000,0.0000,1.03
720,0.0000,0.0000,1.03
730,0.0000,0.0000,1.03
740,0.0000,0.0000,1.03
750,0.0000,0.0000,1.03
760,0.0000,0.0000,1.03
770,0.0000,0.0000,1.03
780,0.0000,0.0000,1.03
790,0.0000,0.0000,1.03
800,0.0000,0.0000,1.03
810,0.0000,0.0000,1.03
820,0.0000,0.0000,1.03
830,0.0000,0.0000,1.03
840,0.0000,0.0000,1.03
850,0.0000,0.0000,1.03
860,0.0000,0.0000,1.03
870,0.0000,0.0000,1.03
880,0.0000,0.0000,1.03
890,0.0000,0.0000,1.03
900,0.0000,0.0000,1.03
910,0.0000,0.0000,1.03
920,0.0000,0.0000,1.03
930,0.0000,0.0000,1.03
940,0.0000,0.0000,1.03
950,0.0000,0.0000,1.03
960,0.0000,0.0000,1.03
970,0.0000,0.0000,1.03
980,0.0000,0.0000,1.03
990,0.0000,0.0000,1.03
1000,0.0000,0.0000,1.03
1010,0.0000,0.0000,1.03
1020,0.0000,0.0000,1.03
1030,0.0000,0.0000,1.03
1040,0.0000,0.0000,1.03
1050,0.0000,0.0000,1.03
1060,0.0000,0.0000,1.03
1070,0.0000,0.0000,1.03
1080,0.0000,0.0000,1.03
1090,0.0000,0.0000,1.03
1100,0.0000,0.0000,1.03
1110,0.0000,0.0000,1.03
1120,0.0000,0.0000,1.03
1130,0.0000,0.0000,1.03
1140,0.0000,0.0000,1.03
1150,0.0000,0.0000,1.03
1160,0.0000,0.0000,1.03
1170,0.0000,0.0000,1.03
1180,0.0000,0.0000,1.03
1190,0.0000,0.0000,1.03
1200,0.0000,0.0000,1.03
1210,0.0000,0.0000,1.03
1220,0.0000,0.0000,1.03
1230,0.0000,0.0000,1.03
1240,0.0000,0.0000,1.03
1250,0.0000,0.0000,1.03
1260,0.0000,0.0000,1.03
1270,0.0000,0.0000,1.03
1280,0.0000,0.0000,1.03
1290,0.0000,0.0000,1.03
1300,0.0000,0.0000,1.03
1310,0.0000,0.0000,1.03
1320,0.0000,0.0000,1.03
1330,0.0000,0.0000,1.03
1340,0.0000,0.0000,1.03
1350,0.0000,0.0000,1.03
1360,0.0000,0.0000,1.03
1370,0.0000,0.0000,1.03
1380,0.0000,0.0000,1.03
1390,0.0000,0.0000,1.03
1400,0.0000,0.0000,1.03
1410,0.0000,0.0000,1.03
1420,0.9163,0.0335,1.97
1430,0.9339,0.0264,1.969
1440,0.9515,0.0194,1.969
1450,0.9692,0.0123,1.968
1460,0.9789,0.0084,1.968
1470,0.9596,0.0160,1.972
1480,0.9404,0.0235,1.976
1490,0.9212,0.0311,1.98
1500,0.9020,0.0386,1.984
1510,0.9082,0.0362,1.985
1520,0.9151,0.0335,1.987
1530,0.9220,0.0308,1.988
1540,0.9288,0.0281,1.99
1550,0.9365,0.0251,1.991
1560,0.9444,0.0220,1.993
1570,0.9523,0.0189,1.994
1580,0.9602,0.0158,1.995
1590,0.9678,0.0128,1.995
1600,0.9753,0.0098,1.994
1610,0.9828,0.0068,1.992
1620,0.9903,0.0039,1.991
1630,0.9951,0.0020,1.991
1640,0.9919,0.0032,1.995
1650,0.9887,0.0045,1.999
1660,0.9855,0.0058,2.003
1670,0.9823,0.0070,2.008
1680,0.9833,0.0066,2.01
1690,0.9843,0.0062,2.013
1700,0.9853,0.0059,2.015
1710,0.9862,0.0055,2.018
1720,0.9822,0.0070,2.022
1730,0.9768,0.0091,2.028
1740,0.9712,0.0112,2.034
1750,0.9657,0.0133,2.039
1760,0.9656,0.0134,2.043
1770,0.9702,0.0116,2.044
1780,0.9749,0.0098,2.046
1790,0.9796,0.0079,2.047
1800,0.9777,0.0086,02.05
1810,0.9596,0.0154,2.054
1820,0.9416,0.0222,2.058
1830,0.9236,0.0290,2.062
1840,0.9038,0.0364,2.066
1850,0.8481,0.0564,2.069
1860,0.7922,0.0765,2.072
1870,0.7362,0.0966,2.075
1880,0.6800,0.1168,2.078
1890,0.5658,0.1550,2.083
1900,0.4381,0.1974,2.089
1910,0.3105,0.2398,2.094
1920,0.1828,0.2822,2.1
1930,0.1273,0.3004,2.103
1940,0.1264,0.3003,2.104
1950,0.1255,0.3003,2.104
1960,0.1246,0.3002,2.105
1970,0.1696,0.2850,2.105
1980,0.3075,0.2391,2.101
1990,0.4455,0.1933,2.097
2000,0.5836,0.1474,2.094
2010,0.7154,0.1034,02.09
2020,0.7816,0.0794,02.09
2030,0.8477,0.0555,02.09
2040,0.9137,0.0315,02.09
2050,0.9797,0.0076,02.09
2060,0.9897,0.0040,2.092
2070,0.9899,0.0039,2.093
2080,0.9902,0.0038,2.094
2090,0.9904,0.0037,2.096
2100,0.9902,0.0038,2.097
2110,0.9895,0.0040,2.099
2120,0.9889,0.0042,2.101
2130,0.9883,0.0044,2.102
2140,0.9879,0.0045,2.104
2150,0.9880,0.0045,2.105
2160,0.9880,0.0045,2.107
2170,0.9880,0.0045,2.108
2180,0.9790,0.0077,2.109
2190,0.9125,0.0316,02.11
2200,0.8459,0.0554,02.11
2210,0.7793,0.0793,02.11
2220,0.7125,0.1033,2.111
2230,0.6005,0.1390,2.114
2240,0.4834,0.1760,2.118
2250,0.3663,0.2130,2.121
2260,0.2491,0.2501,2.125
2270,0.2019,0.2646,2.127
2280,0.1910,0.2674,2.128
2290,0.1801,0.2703,02.13
2300,0.1694,0.2731,2.131
2310,0.2311,0.2527,2.132
2320,0.3922,0.2006,2.132
2330,0.5532,0.1485,2.133
2340,0.7144,0.0964,2.133
2350,0.8513,0.0520,2.134
2360,0.8802,0.0420,2.134
2370,0.9092,0.0319,2.134
2380,0.9381,0.0219,2.134
2390,0.9670,0.0119,2.135
2400,0.9348,0.0229,2.136
2410,0.8990,0.0351,2.138
2420,0.8631,0.0473,2.139
2430,0.8271,0.0597,2.141
2440,0.8204,0.0618,2.142
2450,0.8258,0.0599,2.144
2460,0.8313,0.0579,2.145
2470,0.8367,0.0559,2.147
2480,0.8570,0.0489,2.147
2490,0.8938,0.0364,2.145
2500,0.9306,0.0238,2.143
2510,0.9676,0.0112,2.141
2520,0.9956,0.0016,02.14
2530,0.9936,0.0023,2.142
2540,0.9917,0.0030,2.144
2550,0.9898,0.0037,2.146
2560,0.9879,0.0043,2.148
2570,0.9809,0.0067,02.15
2580,0.9740,0.0091,2.152
2590,0.9671,0.0115,2.154
2600,0.9602,0.0139,2.156
2610,0.9371,0.0215,2.158
2620,0.9090,0.0308,02.16
2630,0.8808,0.0401,2.162
2640,0.8526,0.0493,2.163
2650,0.8556,0.0483,2.164
2660,0.8869,0.0380,2.165
2670,0.9181,0.0276,2.166
2680,0.9493,0.0173,2.166
2690,0.9715,0.0099,2.168
2700,0.9716,0.0098,2.169
2710,0.9718,0.0097,2.171
2720,0.9720,0.0096,2.173
2730,0.9714,0.0098,2.175
2740,0.9565,0.0147,2.176
2750,0.9417,0.0196,2.177
2760,0.9268,0.0245,2.178
2770,0.9120,0.0294,2.178
2780,0.9159,0.0281,2.179
2790,0.9240,0.0254,2.179
2800,0.9320,0.0228,02.18
2810,0.9400,0.0202,02.18
2820,0.9383,0.0207,2.181
2830,0.9297,0.0234,2.182
2840,0.9211,0.0262,2.183
2850,0.9126,0.0289,2.185
2860,0.8997,0.0330,2.185
2870,0.8786,0.0396,2.185
2880,0.8575,0.0462,2.185
2890,0.8364,0.0528,2.185
2900,0.8005,0.0648,2.183
2910,0.6456,0.1199,2.166
2920,0.4906,0.1750,2.148
2930,0.3354,0.2302,2.131
2940,0.1802,0.2854,2.113
2950,0.1593,0.2921,2.112
2960,0.1574,0.2920,2.113
2970,0.1556,0.2918,2.114
2980,0.1537,0.2917,2.116
2990,0.2810,0.2476,2.125
3000,0.4807,0.1788,2.138
3010,0.6807,0.1099,2.152
3020,0.8806,0.0411,2.165
3030,0.9200,0.0272,2.168
3040,0.7243,0.0939,2.157
3050,0.5283,0.1606,2.145
3060,0.3323,0.2272,2.134
3070,0.1727,0.2811,2.125
3080,0.1892,0.2733,2.131
3090,0.2057,0.2656,2.137
3100,0.2222,0.2578,2.143
3110,0.2387,0.2500,2.149
3120,0.2309,0.2518,02.15
3130,0.2215,0.2543,02.15
3140,0.2120,0.2567,2.151
3150,0.2026,0.2592,2.151
3160,0.3239,0.2195,2.161
3170,0.5006,0.1621,2.174
3180,0.6774,0.1046,2.188
3190,0.8542,0.0471,2.201
3200,0.9480,0.0166,2.209
3210,0.9477,0.0167,02.21
3220,0.9473,0.0167,2.212
3230,0.9469,0.0168,2.213
3240,0.9215,0.0243,2.213
3250,0.8152,0.0555,2.211
3260,0.7088,0.0867,02.21
3270,0.6025,0.1179,2.208
3280,0.4965,0.1490,2.206
3290,0.5444,0.1353,2.208
3300,0.5924,0.1216,2.209
3310,0.6404,0.1079,2.211
3320,0.6885,0.0942,2.212
3330,0.6962,0.0919,2.213
3340,0.6915,0.0931,2.214
3350,0.6867,0.0943,2.215
3360,0.6817,0.0956,2.215
3370,0.7153,0.0855,2.217
3380,0.7825,0.0655,02.22
3390,0.8499,0.0454,2.222
3400,0.9174,0.0252,2.225
3410,0.9661,0.0107,2.227
3420,0.9712,0.0091,2.226
3430,0.9762,0.0075,2.225
3440,0.9813,0.0060,2.225
3450,0.9858,0.0046,2.224
3460,0.9823,0.0056,2.228
3470,0.9787,0.0067,2.231
3480,0.9752,0.0078,2.234
3490,0.9716,0.0089,2.237
3500,0.9356,0.0195,2.238
3510,0.8931,0.0321,2.239
3520,0.8503,0.0448,2.239
3530,0.8073,0.0575,02.24
3540,0.6967,0.0871,2.238
3550,0.5423,0.1278,2.235
3560,0.3883,0.1683,2.232
3570,0.2345,0.2088,2.229
3580,0.1356,0.2346,2.228
3590,0.1283,0.2358,2.228
3600,0.1209,0.2371,2.229
3610,0.1135,0.2384,02.23
3620,0.1077,0.2394,2.231
3630,0.1125,0.2379,2.232
3640,0.1173,0.2364,2.232
3650,0.1222,0.2348,2.233
3660,0.1272,0.2333,2.234
3670,0.2904,0.1903,2.242
3680,0.4695,0.1431,2.251
3690,0.6487,0.0959,2.259
3700,0.8280,0.0486,2.268
3710,0.8832,0.0341,2.271
3720,0.8792,0.0352,02.27
3730,0.8753,0.0362,2.269
3740,0.8712,0.0373,2.268
3750,0.8691,0.0379,2.268
3760,0.8694,0.0378,2.268
3770,0.8697,0.0376,2.268
3780,0.8699,0.0375,2.269
3790,0.8736,0.0364,2.269
3800,0.8901,0.0317,2.268
3810,0.9066,0.0270,2.268
3820,0.9231,0.0223,2.268
3830,0.9397,0.0176,2.267
3840,0.9258,0.0215,2.268
3850,0.9113,0.0255,2.268
3860,0.8968,0.0295,2.269
3870,0.8823,0.0336,02.27
3880,0.8858,0.0326,02.27
3890,0.8954,0.0299,02.27
3900,0.9049,0.0272,2.271
3910,0.9145,0.0245,2.271
3920,0.9233,0.0220,2.272
3930,0.9315,0.0197,2.272
3940,0.9397,0.0173,2.272
3950,0.9479,0.0150,2.272
3960,0.9552,0.0130,2.272
3970,0.9604,0.0115,2.272
3980,0.9656,0.0100,2.273
3990,0.9708,0.0085,2.273
4000,0.9757,0.0071,2.273
4010,0.9760,0.0070,2.273
4020,0.9763,0.0069,2.273
4030,0.9766,0.0068,2.274
4040,0.9769,0.0067,2.274
4050,0.9706,0.0086,2.274
4060,0.9629,0.0108,2.274
4070,0.9549,0.0131,2.274
4080,0.9467,0.0155,2.275
4090,0.9255,0.0213,2.275
4100,0.8957,0.0293,2.275
4110,0.8660,0.0374,2.275
4120,0.8363,0.0454,2.275
4130,0.8158,0.0508,2.276
4140,0.8108,0.0519,2.277
4150,0.8059,0.0529,2.279
4160,0.8012,0.0539,02.28
4170,0.8040,0.0529,2.282
4180,0.8514,0.0401,2.282
4190,0.8987,0.0274,2.282
4200,0.9461,0.0146,2.283
4210,0.9935,0.0018,2.283
4220,0.9682,0.0086,2.286
4230,0.9359,0.0173,2.288
4240,0.9036,0.0260,2.291
4250,0.8713,0.0347,2.294
4260,0.8536,0.0394,2.296
4270,0.8426,0.0422,2.296
4280,0.8317,0.0449,2.297
4290,0.8207,0.0477,2.298
4300,0.8103,0.0503,2.298
4310,0.8009,0.0527,2.298
4320,0.7914,0.0551,2.298
4330,0.7818,0.0575,2.298
4340,0.7495,0.0653,2.297
4350,0.6399,0.0917,2.292
4360,0.5305,0.1179,2.287
4370,0.4212,0.1442,2.283
4380,0.3120,0.1705,2.278
4390,0.3076,0.1712,2.278
4400,0.3035,0.1719,2.279
4410,0.2994,0.1725,2.279
4420,0.2954,0.1732,02.28
4430,0.3787,0.1534,2.283
4440,0.4877,0.1276,2.287
4450,0.5965,0.1019,2.291
4460,0.7054,0.0761,2.296
4470,0.7768,0.0587,2.299
4480,0.8168,0.0483,2.302
4490,0.8568,0.0379,2.305
4500,0.8969,0.0275,2.308
4510,0.8736,0.0345,2.304
4520,0.7123,0.0794,2.286
4530,0.5509,0.1244,2.267
4540,0.3894,0.1693,2.249
4550,0.2409,0.2105,2.232
4560,0.2296,0.2120,2.234
4570,0.2184,0.2135,2.237
4580,0.2071,0.2150,2.239
4590,0.1958,0.2166,2.241
4600,0.1756,0.2218,02.24
4610,0.1540,0.2277,2.238
4620,0.1323,0.2336,2.235
4630,0.1107,0.2395,2.233
4640,0.1074,0.2400,2.233
4650,0.1149,0.2374,2.235
4660,0.1224,0.2347,2.237
4670,0.1298,0.2321,2.239
4680,0.1288,0.2318,02.24
4690,0.1151,0.2349,2.239
4700,0.1015,0.2380,2.239
4710,0.0878,0.2411,2.238
4720,0.1148,0.2336,2.241
4730,0.3285,0.1772,2.261
4740,0.5423,0.1208,2.281
4750,0.7561,0.0644,2.3
4760,0.9701,0.0079,02.32
4770,0.8667,0.0321,2.318
4780,0.7470,0.0604,2.315
4790,0.6272,0.0887,2.312
4800,0.5073,0.1170,2.309
4810,0.5134,0.1158,2.311
4820,0.5674,0.1033,2.315
4830,0.6215,0.0908,02.32
4840,0.6757,0.0783,2.324
4850,0.6836,0.0764,2.326
4860,0.6448,0.0852,2.324
4870,0.6059,0.0940,2.323
4880,0.5668,0.1029,2.322
4890,0.5609,0.1041,2.322
4900,0.6437,0.0848,2.326
4910,0.7267,0.0655,02.33
4920,0.8100,0.0462,2.335
4930,0.8878,0.0281,2.339
4940,0.8538,0.0360,2.337
4950,0.8199,0.0438,2.335
4960,0.7859,0.0517,2.333
4970,0.7519,0.0595,2.331
4980,0.7883,0.0509,2.333
4990,0.8399,0.0386,2.336
5000,0.8915,0.0263,2.339
5010,0.9432,0.0141,2.342
5020,0.9607,0.0099,2.344
5030,0.9549,0.0113,2.343
5040,0.9491,0.0127,2.343
5050,0.9434,0.0141,2.343
5060,0.9444,0.0138,2.342
5070,0.9568,0.0108,2.339
5080,0.9692,0.0077,2.336
5090,0.9816,0.0047,2.334
5100,0.9913,0.0023,2.331
5110,0.9858,0.0037,2.332
5120,0.9803,0.0051,2.333
5130,0.9747,0.0065,2.333
5140,0.9692,0.0079,2.334
5150,0.9532,0.0116,2.336
5160,0.9364,0.0155,2.339
5170,0.9197,0.0194,2.341
5180,0.9030,0.0233,2.344
5190,0.9027,0.0234,2.346
5200,0.9093,0.0218,2.347
5210,0.9160,0.0202,2.35
5220,0.9226,0.0187,02.35
5230,0.9191,0.0194,02.35
5240,0.9044,0.0228,02.35
5250,0.8896,0.0262,02.35
5260,0.8747,0.0296,02.35
5270,0.8689,0.0309,02.35
5280,0.8910,0.0257,02.35
5290,0.9131,0.0206,2.351
5300,0.9353,0.0155,2.351
5310,0.9572,0.0104,2.352
5320,0.9639,0.0088,2.352
5330,0.9706,0.0072,2.352
5340,0.9773,0.0056,2.352
5350,0.9840,0.0040,2.352
5360,0.9858,0.0035,2.352
5370,0.9863,0.0034,2.352
5380,0.9869,0.0033,2.352
5390,0.9875,0.0031,2.353
5400,0.9876,0.0031,2.353
5410,0.9873,0.0031,2.353
5420,0.9871,0.0032,2.354
5430,0.9869,0.0032,2.354
5440,0.9867,0.0033,2.355
5450,0.9867,0.0033,2.355
5460,0.9866,0.0033,2.356
5470,0.9866,0.0033,2.356
5480,0.9861,0.0034,2.357
5490,0.9826,0.0042,2.358
5500,0.9791,0.0050,2.359
5510,0.9756,0.0059,02.36
5520,0.9721,0.0067,2.361
5530,0.9670,0.0078,2.362
5540,0.9618,0.0090,2.363
5550,0.9565,0.0102,2.364
5560,0.9512,0.0114,2.366
5570,0.8511,0.0319,2.363
5580,0.7066,0.0614,2.358
5590,0.5621,0.0910,2.353
5600,0.4175,0.1205,2.35
5610,0.3150,0.1407,2.345
5620,0.2622,0.1498,2.344
5630,0.2093,0.1590,2.343
5640,0.1566,0.1682,2.343
5650,0.1343,0.1719,2.343
5660,0.2099,0.1582,2.344
5670,0.2855,0.1446,2.346
5680,0.3609,0.1309,99999
5690,0.4370,0.1171,02.35
5700,0.5637,0.0910,2.353
5710,0.6907,0.0648,2.357
5720,0.8178,0.0385,2.361
5730,0.9450,0.0123,2.364
5740,0.9749,0.0060,2.365
5750,0.9792,0.0050,2.366
5760,0.9836,0.0039,2.366
5770,0.9880,0.0029,2.366
5780,0.9747,0.0058,2.367
5790,0.9482,0.0118,2.367
5800,0.9217,0.0178,2.367
5810,0.8951,0.0238,2.368
5820,0.8266,0.0375,2.367
5830,0.6796,0.0657,2.364
5840,0.5325,0.0938,02.36
5850,0.3855,0.1220,2.357
5860,0.2789,0.1423,2.355
5870,0.4497,0.1088,2.362
5880,0.6205,0.0753,02.37
5890,0.7913,0.0418,2.377
5900,0.9621,0.0083,2.384
5910,0.9482,0.0116,2.385
5920,0.9153,0.0186,2.385
5930,0.8825,0.0257,2.385
5940,0.8498,0.0327,2.385
5950,0.8577,0.0310,2.385
5960,0.8842,0.0253,2.385
5970,0.9106,0.0196,2.384
5980,0.9369,0.0139,2.384
5990,0.9549,0.0100,2.384
6000,0.9632,0.0082,2.384
6010,0.9716,0.0064,2.384
6020,0.9800,0.0045,2.384
6030,0.9865,0.0031,2.384
6040,0.9870,0.0030,2.385
6050,0.9876,0.0029,2.385
6060,0.9881,0.0027,2.385
6070,0.9887,0.0026,2.385
6080,0.9910,0.0021,2.386
6090,0.9933,0.0016,2.386
6100,0.9955,0.0010,2.386
6110,0.9978,0.0005,2.386
6120,0.9952,0.0011,2.387
6130,0.9914,0.0020,2.388
6140,0.9876,0.0029,2.388
6150,0.9838,0.0037,2.389
6160,0.9780,0.0050,02.39
6170,0.9705,0.0066,2.391
6180,0.9630,0.0083,2.392
6190,0.9554,0.0099,2.393
6200,0.9468,0.0116,2.394
6210,0.9363,0.0135,2.397
6220,0.9257,0.0154,202.4
6230,0.9151,0.0173,2.403
6240,0.8794,0.0241,2.404
6250,0.6926,0.0600,2.391
6260,0.5059,0.0959,2.379
6270,0.3193,0.1318,2.367
6280,0.1326,0.1676,2.354
6290,0.1100,0.1700,2.356
6300,0.1011,0.1696,2.359
6310,0.0922,0.1691,2.362
6320,0.0833,0.1687,2.365
6330,0.0809,0.1684,2.366
6340,0.0813,0.1682,2.366
6350,0.0817,0.1679,2.367
6360,0.0820,0.1677,2.367
6370,0.0796,0.1673,2.368
6380,0.0743,0.1668,02.37
6390,0.0690,0.1664,2.372
6400,0.0638,0.1659,2.374
6410,0.0600,0.1654,2.375
6420,0.0605,0.1648,2.376
6430,0.0610,0.1642,2.377
6440,0.0615,0.1636,2.378
6450,0.8340,0.0355,2.373
6460,0.8547,0.0304,2.376
6470,0.8754,0.0253,2.378
6480,0.8961,0.0202,2.381
6490,0.6338,0.0782,2.359
6500,0.3663,0.1374,2.336
6510,0.0987,0.1966,2.313
6520,0.3446,0.1431,2.342
6530,0.6373,0.0793,2.376
6540,0.9300,0.0155,2.409
6550,0.9761,0.0054,2.411
6560,0.9790,0.0047,2.408
6570,0.9818,0.0040,2.405
6580,0.9204,0.0172,2.398
6590,0.8414,0.0342,2.391
6600,0.7624,0.0512,2.383
6610,0.7548,0.0526,2.381
6620,0.7750,0.0478,02.38
6630,0.7952,0.0431,02.38
6640,0.7888,0.0441,2.377
6650,0.7685,0.0482,2.373
6660,0.7481,0.0522,2.368
6670,0.7655,0.0487,2.366
6680,0.8091,0.0400,2.364
6690,0.8527,0.0312,2.363
6700,0.8913,0.0233,2.366
6710,0.9253,0.0162,2.372
6720,0.9592,0.0090,2.379
6730,0.9647,0.0079,2.382
6740,0.9366,0.0140,2.381
6750,0.9085,0.0201,02.38
6760,0.8403,0.0336,2.379
6770,0.7104,0.0587,2.377
6780,0.5805,0.0837,2.375
6790,0.5037,0.0986,2.374
6800,0.5353,0.0924,2.377
6810,0.5669,0.0862,02.38
6820,0.5895,0.0829,02.38
6830,0.5869,0.0872,2.373
6840,0.5843,0.0915,2.366
6850,0.5972,0.0914,2.364
6860,0.6728,0.0734,2.378
6870,0.7483,0.0554,2.393
6880,0.8151,0.0395,2.405
6890,0.8248,0.0372,2.404
6900,0.8345,0.0348,2.403
6910,0.8443,0.0325,2.402
6920,0.8560,0.0297,2.399
6930,0.8676,0.0268,2.397
6940,0.8793,0.0240,2.395
6950,0.8716,0.0249,2.393
6960,0.8639,0.0257,2.392
6970,0.8563,0.0266,2.391
6980,0.8292,0.0325,2.391
6990,0.8007,0.0389,02.39
7000,0.7723,0.0452,02.39
7010,0.6388,0.0746,2.377
7020,0.4897,0.1075,2.362
7030,0.3407,0.1403,2.347
7040,0.3616,0.1354,2.351
7050,0.4235,0.1213,2.361
7060,0.4853,0.1072,02.37
7070,0.4994,0.1029,2.375
7080,0.4967,0.1021,2.379
7090,0.4940,0.1013,2.383
7100,0.6024,0.0793,2.396
7110,0.7641,0.0472,2.414
7120,0.9258,0.0150,2.433
7130,0.9877,0.0027,02.44
7140,0.9858,0.0030,2.441
7150,0.9839,0.0032,2.441
7160,0.9830,0.0034,02.44
7170,0.9830,0.0034,2.437
7180,0.9830,0.0035,2.434
7190,0.9102,0.0191,2.422
7200,0.7585,0.0517,002.4
7210,0.6069,0.0843,2.379
7220,0.5721,0.0918,2.371
7230,0.7022,0.0640,2.381
7240,0.8324,0.0362,2.392
7250,0.9138,0.0187,2.397
7260,0.9044,0.0208,2.392
7270,0.8950,0.0228,2.387
7280,0.8939,0.0230,2.384
7290,0.9138,0.0188,2.382
7300,0.9337,0.0146,2.381
7310,0.9344,0.0145,02.38
7320,0.8663,0.0286,2.377
7330,0.7982,0.0427,2.375
7340,0.7467,0.0532,2.374
7350,0.7872,0.0436,2.379
7360,0.8276,0.0339,2.385
7370,0.8544,0.0271,2.389
7380,0.7394,0.0497,2.383
7390,0.6244,0.0723,2.378
7400,0.5142,0.0939,2.372
7410,0.6102,0.0766,2.383
7420,0.7063,0.0593,2.393
7430,0.8024,0.0420,2.403
7440,0.8495,0.0320,2.409
7450,0.8945,0.0223,2.414
7460,0.9394,0.0126,02.42
7470,0.8988,0.0202,2.417
7480,0.8479,0.0299,2.413
7490,0.7970,0.0396,2.409
7500,0.8297,0.0332,2.415
7510,0.8800,0.0234,2.423
7520,0.9303,0.0136,2.431
7530,0.9288,0.0139,2.431
7540,0.9110,0.0175,2.429
7550,0.8933,0.0210,2.426
7560,0.8774,0.0232,2.427
7570,0.8623,0.0247,2.429
7580,0.8472,0.0263,2.432
7590,0.8621,0.0242,2.434
7600,0.8944,0.0199,2.436
7610,0.9267,0.0156,2.437
7620,0.9478,0.0120,2.435
7630,0.9603,0.0089,2.431
7640,0.9727,0.0058,2.426
7650,0.9796,0.0041,2.428
7660,0.9811,0.0038,2.437
7670,0.9826,0.0035,2.445
7680,0.9181,0.0148,2.445
7690,0.7679,0.0411,2.435
7700,0.6176,0.0673,2.425
7710,0.5717,0.0754,2.422
7720,0.7035,0.0524,2.433
7730,0.8354,0.0293,2.443
7740,0.9326,0.0124,2.448
7750,0.9507,0.0092,2.441
7760,0.9688,0.0060,2.434
7770,0.9802,0.0041,2.429
7780,0.9701,0.0061,2.429
7790,0.9600,0.0081,2.429
7800,0.9004,0.0199,2.423
7810,0.6054,0.0782,2.395
7820,0.3103,0.1365,2.366
7830,0.0544,0.1871,2.341
7840,0.1198,0.1747,2.347
7850,0.1852,0.1622,2.353
7860,0.2492,0.1499,2.359
7870,0.2804,0.1407,2.368
7880,0.3117,0.1316,2.378
7890,0.3430,0.1224,2.387
7900,0.4628,0.0986,2.402
7910,0.5845,0.0744,2.418
7920,0.7062,0.0502,2.433
7930,0.7887,0.0360,02.44
7940,0.8675,0.0227,2.446
7950,0.9462,0.0095,2.452
7960,0.9328,0.0116,02.45
7970,0.9027,0.0165,2.446
7980,0.8727,0.0214,2.442
7990,0.8329,0.0296,2.438
8000,0.7903,0.0388,2.435
8010,0.7478,0.0479,2.431
8020,0.7950,0.0391,2.436
8030,0.8776,0.0233,2.443
8040,0.9603,0.0075,02.45
8050,0.9810,0.0034,2.453
8060,0.9687,0.0056,2.453
8070,0.9564,0.0078,2.454
8080,0.9272,0.0132,2.452
8090,0.8862,0.0209,2.449
8100,0.8452,0.0286,2.446
8110,0.8269,0.0317,2.446
8120,0.8296,0.0307,2.448
8130,0.8322,0.0297,02.45
8140,0.8515,0.0260,2.452
8150,0.8908,0.0193,2.452
8160,0.9300,0.0125,2.453
8170,0.9444,0.0097,2.456
8180,0.9199,0.0131,02.46
8190,0.8953,0.0166,2.465
8200,0.8858,0.0180,2.468
8210,0.9074,0.0151,2.469
8220,0.9290,0.0122,02.47
8230,0.9486,0.0094,2.472
8240,0.9623,0.0069,2.476
8250,0.9760,0.0044,02.48
8260,0.9877,0.0022,2.484
8270,0.9912,0.0016,2.489
8280,0.9948,0.0010,2.493
8290,0.9979,0.0004,2.497
8300,0.9982,0.0003,2.492
8310,0.9985,0.0003,2.487
8320,0.9987,0.0003,2.482
8330,0.9962,0.0007,2.478
8340,0.9938,0.0012,2.474
8350,0.9914,0.0016,02.47
8360,0.7678,0.0506,2.429
8370,0.5438,0.0997,2.388
8380,0.3199,0.1488,2.347
8390,0.5145,0.1062,2.385
8400,0.7390,0.0570,2.428
8410,0.9636,0.0079,2.471
8420,0.9929,0.0014,2.476
8430,0.9926,0.0014,2.476
8440,0.9922,0.0014,2.476
8450,0.9900,0.0018,2.472
8460,0.9873,0.0023,2.467
8470,0.9847,0.0028,2.461
8480,0.8870,0.0201,2.452
8490,0.7555,0.0433,02.44
8500,0.6240,0.0665,2.429
8510,0.5356,0.0812,2.423
8520,0.4682,0.0919,2.419
8530,0.4008,0.1025,2.415
8540,0.4016,0.1020,2.414
8550,0.4466,0.0943,2.415
8560,0.4916,0.0865,2.416
8570,0.4699,0.0926,02.41
8580,0.3915,0.1104,2.398
8590,0.3132,0.1282,2.386
8600,0.3830,0.1165,2.392
8610,0.6157,0.0725,2.416
8620,0.8483,0.0285,2.441
8630,0.8742,0.0225,2.445
8640,0.6035,0.0713,02.42
8650,0.3329,0.1200,2.395
8660,0.1622,0.1476,2.384
8670,0.1808,0.1352,2.401
8680,0.1993,0.1229,2.418
8690,0.2765,0.1048,2.433
8700,0.5039,0.0719,2.446
8710,0.7314,0.0390,2.458
8720,0.9157,0.0123,2.467
8730,0.9427,0.0084,2.462
8740,0.9697,0.0046,2.457
8750,0.9923,0.0013,2.453
8760,0.9898,0.0016,02.46
8770,0.9874,0.0019,2.467
8780,0.9814,0.0029,2.473
8790,0.9364,0.0104,2.472
8800,0.8913,0.0179,02.47
8810,0.8474,0.0252,2.469
8820,0.8615,0.0228,2.472
8830,0.8756,0.0204,2.475
8840,0.8898,0.0180,2.478
8850,0.8781,0.0200,2.482
8860,0.8653,0.0223,2.487
8870,0.8524,0.0245,2.491
8880,0.8934,0.0177,2.498
8890,0.9411,0.0098,2.505
8900,0.9888,0.0019,2.512
8910,0.9935,0.0010,2.509
8920,0.9889,0.0017,2.504
8930,0.9843,0.0023,2.499
8940,0.9860,0.0021,2.496
8950,0.9896,0.0016,2.493
8960,0.9932,0.0011,2.491
8970,0.9886,0.0020,2.488
8980,0.9804,0.0034,2.486
8990,0.9722,0.0048,2.483
9000,0.9339,0.0112,2.478
9010,0.8779,0.0206,2.471
9020,0.8219,0.0300,2.464
9030,0.7188,0.0476,2.453
9040,0.5789,0.0716,2.438
9050,0.4391,0.0956,2.423
9060,0.4432,0.0947,2.424
9070,0.5932,0.0688,2.441
9080,0.7431,0.0429,2.458
9090,0.8506,0.0246,2.473
9100,0.9020,0.0161,2.485
9110,0.9535,0.0076,2.498
9120,0.9716,0.0049,2.502
9130,0.9319,0.0120,2.493
9140,0.0000,0.0000,2.165
9150,0.0000,0.0000,2.165
9160,0.0000,0.0000,2.165
9170,0.0000,0.0000,2.165
9180,0.0000,0.0000,2.165
9190,0.0000,0.0000,2.165
9200,0.0000,0.0000,2.165
9210,0.0000,0.0000,2.165
9220,0.0000,0.0000,2.165
9230,0.0000,0.0000,2.165
9240,0.0000,0.0000,2.165
9250,0.0000,0.0000,2.165
9260,0.0000,0.0000,2.165
9270,0.0000,0.0000,2.165
9280,0.0000,0.0000,2.165
9290,0.0000,0.0000,2.165
9300,0.0000,0.0000,2.165
9310,0.0000,0.0000,2.165
9320,0.0000,0.0000,2.165
9330,0.0000,0.0000,2.165
9340,0.0000,0.0000,2.165
9350,0.0000,0.0000,2.165
9360,0.0000,0.0000,2.165
9370,0.0000,0.0000,2.165
9380,0.0000,0.0000,2.165
9390,0.0000,0.0000,2.165
9400,0.0000,0.0000,2.165
9410,0.0000,0.0000,2.165
9420,0.0000,0.0000,2.165
9430,0.0000,0.0000,2.165
9440,0.0000,0.0000,2.165
9450,0.0000,0.0000,2.165
9460,0.0000,0.0000,2.165
9470,0.0000,0.0000,2.165
9480,0.0000,0.0000,2.165
9490,0.0000,0.0000,2.165
9500,0.0000,0.0000,2.165
9510,0.0000,0.0000,2.165
9520,0.0000,0.0000,2.165
9530,0.0000,0.0000,2.165
9540,0.0000,0.0000,2.165
9550,0.0000,0.0000,2.165
9560,0.0000,0.0000,2.165
9570,0.0000,0.0000,2.165
9580,0.0000,0.0000,2.165
9590,0.0000,0.0000,2.165
9600,0.0000,0.0000,2.165
9610,0.0000,0.0000,2.165
9620,0.0000,0.0000,2.165
9630,0.0000,0.0000,2.165
9640,0.0000,0.0000,2.165
9650,0.0000,0.0000,2.165
9660,0.0000,0.0000,2.165
9670,0.0000,0.0000,2.165
9680,0.0000,0.0000,2.165
9690,0.0000,0.0000,2.165
9700,0.0000,0.0000,2.165
9710,0.0000,0.0000,2.165
9720,0.0000,0.0000,2.165
9730,0.0000,0.0000,2.165
9740,0.0000,0.0000,2.165
9750,0.0000,0.0000,2.165
9760,0.0000,0.0000,2.165
9770,0.0000,0.0000,2.165
9780,0.0000,0.0000,2.165
9790,0.0000,0.0000,2.165
9800,0.0000,0.0000,2.165
9810,0.0000,0.0000,2.165
9820,0.0000,0.0000,2.165
9830,0.0000,0.0000,2.165
9840,0.0000,0.0000,2.165
9850,0.0000,0.0000,2.165
9860,0.0000,0.0000,2.165
9870,0.0000,0.0000,2.165
9880,0.0000,0.0000,2.165
9890,0.0000,0.0000,2.165
9900,0.0000,0.0000,2.165
9910,0.0000,0.0000,2.165
9920,0.0000,0.0000,2.165
9930,0.0000,0.0000,2.165
9940,0.0000,0.0000,2.165
9950,0.0000,0.0000,2.165
9960,0.0000,0.0000,2.165
9970,0.0000,0.0000,2.165
9980,0.0000,0.0000,2.165
9990,0.0000,0.0000,2.165
10000,0.0000,0.0000,2.165
10010,0.0000,0.0000,2.165
10020,0.0000,0.0000,2.165
10030,0.0000,0.0000,2.165
10040,0.0000,0.0000,2.165
10050,0.0000,0.0000,2.165
10060,0.0000,0.0000,2.165
10070,0.0000,0.0000,2.165
10080,0.0000,0.0000,2.165
10090,0.0000,0.0000,2.165
10100,0.0000,0.0000,2.165
10110,0.0000,0.0000,2.165
10120,0.0000,0.0000,2.165
10130,0.0000,0.0000,2.165
10140,0.0000,0.0000,2.165
10150,0.0000,0.0000,2.165
10160,0.0000,0.0000,2.165
10170,0.0000,0.0000,2.165
10180,0.0000,0.0000,2.165
10190,0.0000,0.0000,2.165
10200,0.0000,0.0000,2.165
10210,0.0000,0.0000,2.165
10220,0.0000,0.0000,2.165
10230,0.0000,0.0000,2.165
10240,0.0000,0.0000,2.165
10250,0.0000,0.0000,2.165
10260,0.0000,0.0000,2.165
10270,0.0000,0.0000,2.165
10280,0.0000,0.0000,2.165
10290,0.0000,0.0000,2.165
10300,0.0000,0.0000,2.165
10310,0.0000,0.0000,2.165
10320,0.0000,0.0000,2.165
10330,0.0000,0.0000,2.165
10340,0.0000,0.0000,2.165
10350,0.0000,0.0000,2.165
10360,0.0000,0.0000,2.165
10370,0.0000,0.0000,2.165
10380,0.0000,0.0000,2.165
10390,0.0000,0.0000,2.165
10400,0.0000,0.0000,2.165
10410,0.0000,0.0000,2.165
10420,0.0000,0.0000,2.165
10430,0.0000,0.0000,2.165
10440,0.0000,0.0000,2.165
10450,0.0000,0.0000,2.165
10460,0.0000,0.0000,2.165
10470,0.0000,0.0000,2.165
10480,0.0000,0.0000,2.165
10490,0.0000,0.0000,2.165
10500,0.0000,0.0000,2.165
10510,0.0000,0.0000,2.165
10520,0.0000,0.0000,2.165
10530,0.0000,0.0000,2.165
10540,0.0000,0.0000,2.165
10550,0.0000,0.0000,2.165
10560,0.0000 ,0.0000,2.165
10570,0.0000,0.0000,2.165
10580,0.0000,0.0000,2.165
10590,0.0000,0.0000,2.165
10600,0.0000,0.0000,2.165
10610,0.0000,0.0000,2.165
10620,0.0000,0.0000,2.165
10630,0.0000,0.0000,2.165
10640,0.0000,0.0000,2.165
10650,0.0000,0.0000,2.165
10660,0.0000,0.0000,2.165
10670,0.0000,0.0000,2.165
10680,0.0000,0.0000,2.165
10690,0.0000,0.0000,2.165
10700,0.0000,0.0000,2.165
10710,0.0000,0.0000,2.165
10720,0.0000,0.0000,2.165
10730,0.0000,0.0000,2.165
10740,0.0000,0.0000,2.165
10750,0.0000,0.0000,2.165
10760,0.0000,0.0000,2.165
10770,0.0000,0.0000,2.165
10780,0.0000,0.0000,2.165
10790,0.0000,0.0000,2.165
10800,0.0000,0.0000,2.165
10810,0.0000 ,0.0000,2.165
10820,0.0000,0.0000,2.165
10830,0.0000,0.0000,2.165
10840,0.0000,0.0000,2.165
10850,0.0000,0.0000,2.165
10860,0.0000,0.0000,2.165
10870,0.9731,0.0031,2.552
10880,0.9771,0.0027,2.552
10890,0.9612,0.0045,2.551
10900,0.9424,0.0067,02.55
10910,0.9006,0.0115,2.546
10920,0.9445,0.0064,02.55
10930,0.9612,0.0045,2.551
10940,0.8059,0.0224,2.539
10950,0.6373,0.0419,2.526
10960,0.8426,0.0182,2.542
10970,0.9235,0.0088,2.549
10980,0.9690,0.0036,2.553
10990,0.9765,0.0027,2.553
11000,0.9617,0.0044,2.552
11010,0.9497,0.0058,2.551
11020,0.9697,0.0035,2.553
11030,0.9816,0.0021,2.554
11040,0.9874,0.0014,2.555
11050,0.9885,0.0013,2.555
11060,0.9834,0.0019,2.555
11070,0.9621,0.0043,2.553
11080,0.7694,0.0263,2.538
11090,0.7260,0.0313,2.535
11100,0.8323,0.0191,2.543
11110,0.9676,0.0037,2.554
11120,0.8975,0.0117,2.549
11130,0.9037,0.0109,2.549
11140,0.9105,0.0102,02.55
11150,0.8873,0.0128,2.548
11160,0.8255,0.0198,2.543
11170,0.7113,0.0327,2.534
11180,0.2593,0.0839,2.499
11190,0.6929,0.0348,2.533
11200,0.9345,0.0074,2.552
11210,0.9395,0.0068,2.553
11220,0.9620,0.0043,2.555
11230,0.9789,0.0024,2.556
11240,0.9067,0.0105,2.551
11250,0.9064,0.0105,2.551
11260,0.9175,0.0093,2.552
11270,0.9007,0.0112,02.55
11280,0.9336,0.0074,2.553
11290,0.4825,0.0580,2.518
11300,0.3591,0.0718,2.509
11310,0.2638,0.0824,2.501
11320,0.1453,0.0956,2.492
11330,0.2540,0.0834,2.501
11340,0.4666,0.0596,2.518
11350,0.5092,0.0548,2.521
11360,0.6876,0.0348,2.535
11370,0.8781,0.0136,02.55
11380,0.8212,0.0199,2.546
11390,0.9564,0.0048,2.556
11400,0.8688,0.0146,2.549
11410,0.8128,0.0208,2.545
11420,0.8289,0.0190,2.547
11430,0.8664,0.0148,02.55
11440,0.7604,0.0265,2.541
11450,0.9152,0.0094,2.554
11460,0.9540,0.0051,2.557
11470,0.8111,0.0208,2.546
11480,0.5694,0.0475,2.527
11490,0.4814,0.0572,2.521
11500,0.1226,0.0966,2.493
11510,0.1911,0.0890,2.499
11520,0.4461,0.0609,2.518
11530,0.6789,0.0353,2.536
11540,0.7569,0.0267,2.542
11550,0.9517,0.0053,2.557
11560,0.9466,0.0059,2.557
11570,0.7340,0.0291,2.541
11580,0.4953,0.0552,2.523
11590,0.4714,0.0578,2.521
11600,0.8268,0.0189,2.548
11610,0.8392,0.0175,2.549
11620,0.7205,0.0305,02.54
11630,0.6773,0.0352,2.537
11640,0.7934,0.0225,2.546
11650,0.8600,0.0152,2.551
11660,0.8514,0.0161,2.551
11670,0.8932,0.0116,2.554
11680,0.6483,0.0381,2.536
11690,0.3312,0.0725,2.512
11700,0.7938,0.0223,2.547
11710,0.9536,0.0050,2.559
11720,0.9792,0.0022,2.561
11730,0.8611,0.0150,2.552
11740,0.7764,0.0241,2.546
11750,0.9307,0.0075,2.558
11760,0.7796,0.0237,2.547
11770,0.5853,0.0446,2.532
11780,0.6547,0.0371,2.537
11790,0.8602,0.0150,2.553
11800,0.9712,0.0031,2.561
11810,0.8744,0.0135,2.554
11820,0.7203,0.0300,2.543
11830,0.6744,0.0349,2.539
11840,0.6102,0.0417,2.535
11850,0.4602,0.0577,2.523
11860,0.3307,0.0715,2.514
11870,0.5986,0.0429,2.534
11880,0.8554,0.0154,2.553
11890,0.9751,0.0027,2.563
11900,0.9741,0.0028,2.563
11910,0.9861,0.0015,2.564
11920,0.9944,0.0006,2.564
11930,0.0000,0.0000,2.165
11940,0.0000,0.0000,2.165
11950,0.0000,0.0000,2.165
11960,0.0000,0.0000,2.165
11970,0.0000,0.0000,2.165
11980,0.0000,0.0000,2.165
11990,0.0000,0.0000,2.165
12000,0.0000,0.0000,2.165
12010,0.0000,0.0000,2.165
12020,0.0000,0.0000,2.165
12030,0.0000,0.0000,2.165
12040,0.0000,0.0000,2.165
12050,0.0000,0.0000,2.165
12060,0.0000,0.0000,2.165
12070,0.0000,0.0000,2.165
12080,0.0000,0.0000,2.165
12090,0.0000,0.0000,2.165
12100,0.0000,0.0000,2.165
12110,0.0000,0.0000,2.165
12120,0.0000,0.0000,2.165
12130,0.0000,0.0000,2.165
12140,0.0000,0.0000,2.165
12150,0.0000,0.0000,2.165
12160,0.0000,0.0000,2.165
12170,0.0000,0.0000,2.165
12180,0.0000,0.0000,2.165
12190,0.0000,0.0000,2.165
12200,0.0000,0.0000,2.165
12210,0.0000,0.0000,2.165
12220,0.0000,0.0000,2.165
12230,0.0000,0.0000,2.165
12240,0.0000,0.0000,2.165
12250,0.0000,0.0000,2.165
12260,0.0000,0.0000,2.165
12270,0.0000,0.0000,2.165
12280,0.0000,0.0000,2.165
12290,0.0000,0.0000,2.165
12300,0.0000,0.0000,2.165
12310,0.0000,0.0000,2.165
12320,0.0000,0.0000,2.165
12330,0.0000,0.0000,2.165
12340,0.0000,0.0000,2.165
12350,0.0000,0.0000,2.165
12360,0.0000,0.0000,2.165
12370,0.0000,0.0000,2.165
12380,0.0000,0.0000,2.165
12390,0.0000,0.0000,2.165
12400,0.0000,0.0000,2.165
12410,0.0000,0.0000,2.165
12420,0.0000,0.0000,2.165
12430,0.0000,0.0000,2.165
12440,0.0000,0.0000,2.165
12450,0.0000,0.0000,2.165
12460,0.0000,0.0000,2.165
12470,0.0000,0.0000,2.165
12480,0.0000,0.0000,2.165
12490,0.0000,0.0000,2.165
12500,0.0000,0.0000,2.165
12510,0.0000,0.0000,2.165
12520,0.0000,0.0000,2.165
12530,0.0000,0.0000,2.165
12540,0.0000,0.0000,2.165
12550,0.0000,0.0000,2.165
12560,0.0000,0.0000,2.165
12570,0.0000,0.0000,2.165
12580,0.0000,0.0000,2.165
12590,0.0000,0.0000,2.165
12600,0.0000,0.0000,2.165
12610,0.0000,0.0000,2.165
12620,0.0000,0.0000,2.165
12630,0.0000,0.0000,2.165
12640,0.0000,0.0000,2.165
12650,0.0000,0.0000,2.165
12660,0.0000,0.0000,2.165
12670,0.0000,0.0000,2.165
12680,0.0000,0.0000,2.165
12690,0.0000,0.0000,2.165
12700,0.0000,0.0000,2.165
12710,0.0000,0.0000,2.165
12720,0.0000,0.0000,2.165
12730,0.0000,0.0000,2.165
12740,0.0000,0.0000,2.165
12750,0.0000,0.0000,2.165
12760,0.0000,0.0000,2.165
12770,0.0000,0.0000,2.165
12780,0.0000,0.0000,2.165
12790,0.0000,0.0000,2.165
12800,0.0000,0.0000,2.165
12810,0.0000,0.0000,2.165
12820,0.0000,0.0000,2.165
12830,0.0000,0.0000,2.165
12840,0.0000,0.0000,2.165
12850,0.0000,0.0000,2.165
12860,0.0000,0.0000,2.165
12870,0.0000,0.0000,2.165
12880,0.0000,0.0000,2.165
12890,0.0000,0.0000,2.165
12900,0.0000,0.0000,2.165
12910,0.0000,0.0000,2.165
12920,0.0000,0.0000,2.165
12930,0.0000,0.0000,2.165
12940,0.0000,0.0000,2.165
12950,0.0000,0.0000,2.165
12960,0.0000,0.0000,2.165
12970,0.0000,0.0000,2.165
12980,0.0000,0.0000,2.165
12990,0.0000,0.0000,2.165
13000,0.0000,0.0000,2.165
13010,0.0000,0.0000,2.165
13020,0.0000,0.0000,2.165
13030,0.0000,0.0000,2.165
13040,0.0000,0.0000,2.165
13050,0.0000,0.0000,2.165
13060,0.0000,0.0000,2.165
13070,0.0000,0.0000,2.165
13080,0.0000,0.0000,2.165
13090,0.0000,0.0000,2.165
13100,0.0000,0.0000,2.165
13110,0.0000,0.0000,2.165
13120,0.0000,0.0000,2.165
13130,0.0000,0.0000,2.165
13140,0.0000,0.0000,2.165
13150,0.0000,0.0000,2.165
13160,0.0000,0.0000,2.165
13170,0.0000,0.0000,2.165
13180,0.0000,0.0000,2.165
13190,0.0000,0.0000,2.165
13200,0.0000,0.0000,2.165
13210,0.0000,0.0000,2.165
13220,0.0000,0.0000,2.165
13230,0.0000,0.0000,2.165
13240,0.0000,0.0000,2.165
13250,0.0000,0.0000,2.165
13260,0.0000,0.0000,2.165
13270,0.0000,0.0000,2.165
13280,0.0000,0.0000,2.165
13290,0.0000,0.0000,2.165
13300,0.0000,0.0000,2.165
13310,0.0000,0.0000,2.165
13320,0.0000,0.0000,2.165
13330,0.0000,0.0000,2.165
13340,0.0000,0.0000,2.165
13350,0.0000,0.0000,2.165
13360,0.0000,0.0000,2.165
13370,0.0000,0.0000,2.165
13380,0.0000,0.0000,2.165
13390,0.0000,0.0000,2.165
13400,0.0000,0.0000,2.165
13410,0.0000,0.0000,2.165
13420,0.0000,0.0000,2.165
13430,0.0000,0.0000,2.165
13440,0.0000,0.0000,2.165
13450,0.0000,0.0000,2.165
13460,0.0000,0.0000,2.165
13470,0.0000,0.0000,2.165
13480,0.0000,0.0000,2.165
13490,0.0000,0.0000,2.165
13500,0.0000,0.0000,2.165
13510,0.0000,0.0000,2.165
13520,0.0000,0.0000,2.165
13530,0.0000,0.0000,2.165
13540,0.0000,0.0000,2.165
13550,0.0000,0.0000,2.165
13560,0.0000,0.0000,2.165
13570,0.0000,0.0000,2.165
13580,0.0000,0.0000,2.165
13590,0.0000,0.0000,2.165
13600,0.0000,0.0000,2.165
13610,0.0000,0.0000,2.165
13620,0.0000,0.0000,2.165
13630,0.0000,0.0000,2.165
13640,0.0000,0.0000,2.165
13650,0.0000,0.0000,2.165
13660,0.0000,0.0000,2.165
13670,0.0000,0.0000,2.165
13680,0.0000,0.0000,2.165
13690,0.0000,0.0000,2.165
13700,0.0000,0.0000,2.165
13710,0.0000,0.0000,2.165
13720,0.0000,0.0000,2.165
13730,0.0000,0.0000,2.165
13740,0.0000,0.0000,2.165
13750,0.0000,0.0000,2.165
13760,0.0000,0.0000,2.165
13770,0.0000,0.0000,2.165
13780,0.0000,0.0000,2.165
13790,0.0000,0.0000,2.165
13800,0.0000,0.0000,2.165
13810,0.0000,0.0000,2.165
13820,0.0000,0.0000,2.165
13830,0.0000,0.0000,2.165
13840,0.0000,0.0000,2.165
13850,0.0000,0.0000,2.165
13860,0.0000,0.0000,2.165
13870,0.0000,0.0000,2.165
13880,0.0000,0.0000,2.165
13890,0.0000,0.0000,2.165
13900,0.0000,0.0000,2.165
13910,0.0000,0.0000,2.165
13920,0.0000,0.0000,2.165
13930,0.0000,0.0000,2.165
13940,0.0000,0.0000,2.165
13950,0.0000,0.0000,2.165
13960,0.0000,0.0000,2.165
13970,0.0000,0.0000,2.165
13980,0.0000,0.0000,2.165
13990,0.0000,0.0000,2.165
14000,0.0000,0.0000,2.165
14010,0.0000,0.0000,2.165
14020,0.0000,0.0000,2.165
14030,0.0000,0.0000,2.165
14040,0.0000,0.0000,2.165
14050,0.0000,0.0000,2.165
14060,0.0000,0.0000,2.165
14070,0.0000,0.0000,2.165
14080,0.0000,0.0000,2.165
14090,0.0000,0.0000,2.165
14100,0.0000,0.0000,2.165
14110,0.0000,0.0000,2.165
14120,0.0000,0.0000,2.165
14130,0.0000,0.0000,2.165
14140,0.0000,0.0000,2.165
14150,0.0000,0.0000,2.165
14160,0.0000,0.0000,2.165
14170,0.0000,0.0000,2.165
14180,0.0000,0.0000,2.165
14190,0.0000,0.0000,2.165
14200,0.0000,0.0000,2.165
14210,0.0000,0.0000,2.165
14220,0.0000,0.0000,2.165
14230,0.0000,0.0000,2.165
14240,0.0000,0.0000,2.165
14250,0.0000,0.0000,2.165
14260,0.0000,0.0000,2.165
14270,0.0000,0.0000,2.165
14280,0.0000,0.0000,2.165
14290,0.0000,0.0000,2.165
14300,0.0000,0.0000,2.636
14310,0.0000,0.0000,2.636
14320,0.0000,0.0000,2.636
14330,0.0000,0.0000,2.636
14340,0.0000,0.0000,2.636
14350,0.0000,0.0000,2.636
14360,0.0000,0.0000,2.636
14370,0.0000,0.0000,2.636
14380,0.0000,0.0000,2.636
14390,0.0000,0.0000,2.636
14400,0.0000,0.0000,2.636
14410,0.0000,0.0000,2.165
14420,0.0000,0.0000,2.165
14430,0.0000,0.0000,2.165
14440,0.0000,0.0000,2.165
14450,0.0000,0.0000,2.165
14460,0.0000,0.0000,2.165
14470,0.0000,0.0000,2.165
14480,0.0000,0.0000,2.165
14490,0.0000,0.0000,2.165
14500,0.0000,0.0000,2.165
14510,0.0000,0.0000,2.165
14520,0.0000,0.0000,2.165
14530,0.0000,0.0000,2.165
14540,0.0000,0.0000,2.165
14550,0.0000,0.0000,2.165
14560,0.0000,0.0000,2.165
14570,0.0000,0.0000,2.165
14580,0.0000,0.0000,2.165
14590,0.0000,0.0000,2.165
14600,0.0000,0.0000,2.165
14610,0.0000,0.0000,2.165
14620,0.0000,0.0000,2.165
14630,0.0000,0.0000,2.165
14640,0.0000,0.0000,2.165
14650,0.0000,0.0000,2.165
14660,0.0000,0.0000,2.165
14670,0.0000,0.0000,2.165
14680,0.0000,0.0000,2.165
14690,0.0000,0.0000,2.165
14700,0.0000,0.0000,2.165
14710,0.0000,0.0000,2.165
14720,0.0000,0.0000,2.165
14730,0.0000,0.0000,2.165
14740,0.0000,0.0000,2.165
14750,0.0000,0.0000,2.165
14760,0.0000,0.0000,2.165
14770,0.0000,0.0000,2.165
14780,0.0000,0.0000,2.165
14790,0.0000,0.0000,2.165
14800,0.0000,0.0000,2.165
14810,0.0000,0.0000,2.165
14820,0.0000,0.0000,2.165
14830,0.0000,0.0000,2.165
14840,0.0000,0.0000,2.165
14850,0.0000,0.0000,2.165
14860,0.0000,0.0000,2.7
14870,0.0000,0.0000,2.7
14880,0.0000,0.0000,2.7
14890,0.0000,0.0000,2.7
14900,0.0000,0.0000,2.7
14910,0.0000,0.0000,2.7
14920,0.0000,0.0000,2.7
14930,0.0000,0.0000,2.7
14940,0.0000,0.0000,2.7
14950,0.0000,0.0000,2.7
14960,0.0000,0.0000,2.7
14970,0.0000,0.0000,2.7
14980,0.0000,0.0000,2.7
14990,0.0000,0.0000,2.7
15000,0.0000,0.0000,2.7