
1.97	,	0.0733	,	0.0335	,	0.9163
1.969	,	0.0747	,	0.0264	,	0.9339
1.969	,	0.0761	,	0.0194	,	0.9515
1.968	,	0.0775	,	0.0123	,	0.9692
1.968	,	0.0783	,	0.0084	,	0.9789
1.972	,	0.0768	,	0.016	,	0.9596
1.976	,	0.0752	,	0.0235	,	0.9404
1.98	,	0.0737	,	0.0311	,	0.9212
1.984	,	0.0722	,	0.0386	,	0.902
1.985	,	0.0727	,	0.0362	,	0.9082
1.987	,	0.0732	,	0.0335	,	0.9151
1.988	,	0.0738	,	0.0308	,	0.922
1.99	,	0.0743	,	0.0281	,	0.9288
1.991	,	0.0749	,	0.0251	,	0.9365
1.993	,	0.0756	,	0.022	,	0.9444
1.994	,	0.0762	,	0.0189	,	0.9523
1.995	,	0.0768	,	0.0158	,	0.9602
1.995	,	0.0774	,	0.0128	,	0.9678
1.994	,	0.078	,	0.0098	,	0.9753
1.992	,	0.0786	,	0.0068	,	0.9828
1.991	,	0.0792	,	0.0039	,	0.9903
1.991	,	0.0796	,	0.002	,	0.9951
1.995	,	0.0794	,	0.0032	,	0.9919
1.999	,	0.0791	,	0.0045	,	0.9887
2.003	,	0.0788	,	0.0058	,	0.9855
2.008	,	0.0786	,	0.007	,	0.9823
2.01	,	0.0787	,	0.0066	,	0.9833
2.013	,	0.0787	,	0.0062	,	0.9843
2.015	,	0.0788	,	0.0059	,	0.9853
2.018	,	0.0789	,	0.0055	,	0.9862
2.022	,	0.0786	,	0.007	,	0.9822
2.028	,	0.0781	,	0.0091	,	0.9768
2.034	,	0.0777	,	0.0112	,	0.9712
2.039	,	0.0773	,	0.0133	,	0.9657
2.043	,	0.0772	,	0.0134	,	0.9656
2.044	,	0.0776	,	0.0116	,	0.9702
2.046	,	0.078	,	0.0098	,	0.9749
2.047	,	0.0784	,	0.0079	,	0.9796
2.05	,	0.0782	,	0.0086	,	0.9777
2.054	,	0.0768	,	0.0154	,	0.9596
2.058	,	0.0753	,	0.0222	,	0.9416
2.062	,	0.0739	,	0.029	,	0.9236
2.066	,	0.0723	,	0.0364	,	0.9038
2.069	,	0.0678	,	0.0564	,	0.8481
2.072	,	0.0634	,	0.0765	,	0.7922
2.075	,	0.0589	,	0.0966	,	0.7362
2.078	,	0.0544	,	0.1168	,	0.68
2.083	,	0.0453	,	0.155	,	0.5658
2.089	,	0.035	,	0.1974	,	0.4381
2.094	,	0.0248	,	0.2398	,	0.3105
2.1	,	0.0146	,	0.2822	,	0.1828
2.103	,	0.0102	,	0.3004	,	0.1273
2.104	,	0.0101	,	0.3003	,	0.1264
2.104	,	0.01	,	0.3003	,	0.1255
2.105	,	0.01	,	0.3002	,	0.1246
2.105	,	0.0136	,	0.285	,	0.1696
2.101	,	0.0246	,	0.2391	,	0.3075
2.097	,	0.0356	,	0.1933	,	0.4455
2.094	,	0.0467	,	0.1474	,	0.5836
2.09	,	0.0572	,	0.1034	,	0.7154
2.09	,	0.0625	,	0.0794	,	0.7816
2.09	,	0.0678	,	0.0555	,	0.8477
2.09	,	0.0731	,	0.0315	,	0.9137
2.09	,	0.0784	,	0.0076	,	0.9797
2.092	,	0.0792	,	0.004	,	0.9897
2.093	,	0.0792	,	0.0039	,	0.9899
2.094	,	0.0792	,	0.0038	,	0.9902
2.096	,	0.0792	,	0.0037	,	0.9904
2.097	,	0.0792	,	0.0038	,	0.9902
2.099	,	0.0792	,	0.004	,	0.9895
2.101	,	0.0791	,	0.0042	,	0.9889
2.102	,	0.0791	,	0.0044	,	0.9883
2.104	,	0.079	,	0.0045	,	0.9879
2.105	,	0.079	,	0.0045	,	0.988
2.107	,	0.079	,	0.0045	,	0.988
2.108	,	0.079	,	0.0045	,	0.988
2.109	,	0.0783	,	0.0077	,	0.979
2.11	,	0.073	,	0.0316	,	0.9125
2.11	,	0.0677	,	0.0554	,	0.8459
2.11	,	0.0623	,	0.0793	,	0.7793
2.111	,	0.057	,	0.1033	,	0.7125
2.114	,	0.048	,	0.139	,	0.6005
2.118	,	0.0387	,	0.176	,	0.4834
2.121	,	0.0293	,	0.213	,	0.3663
2.125	,	0.0199	,	0.2501	,	0.2491
2.127	,	0.0162	,	0.2646	,	0.2019
2.128	,	0.0153	,	0.2674	,	0.191
2.13	,	0.0144	,	0.2703	,	0.1801
2.131	,	0.0135	,	0.2731	,	0.1694
2.132	,	0.0185	,	0.2527	,	0.2311
2.132	,	0.0314	,	0.2006	,	0.3922
2.133	,	0.0443	,	0.1485	,	0.5532
2.133	,	0.0572	,	0.0964	,	0.7144
2.134	,	0.0681	,	0.052	,	0.8513
2.134	,	0.0704	,	0.042	,	0.8802
2.134	,	0.0727	,	0.0319	,	0.9092
2.134	,	0.075	,	0.0219	,	0.9381
2.135	,	0.0774	,	0.0119	,	0.967
2.136	,	0.0748	,	0.0229	,	0.9348
2.138	,	0.0719	,	0.0351	,	0.899
2.139	,	0.069	,	0.0473	,	0.8631
2.141	,	0.0662	,	0.0597	,	0.8271
2.142	,	0.0656	,	0.0618	,	0.8204
2.144	,	0.0661	,	0.0599	,	0.8258
2.145	,	0.0665	,	0.0579	,	0.8313
2.147	,	0.0669	,	0.0559	,	0.8367
2.147	,	0.0686	,	0.0489	,	0.857
2.145	,	0.0715	,	0.0364	,	0.8938
2.143	,	0.0745	,	0.0238	,	0.9306
2.141	,	0.0774	,	0.0112	,	0.9676
2.14	,	0.0796	,	0.0016	,	0.9956
2.142	,	0.0795	,	0.0023	,	0.9936
2.144	,	0.0793	,	0.003	,	0.9917
2.146	,	0.0792	,	0.0037	,	0.9898
2.148	,	0.079	,	0.0043	,	0.9879
2.15	,	0.0785	,	0.0067	,	0.9809
2.152	,	0.0779	,	0.0091	,	0.974
2.154	,	0.0774	,	0.0115	,	0.9671
2.156	,	0.0768	,	0.0139	,	0.9602
2.158	,	0.075	,	0.0215	,	0.9371
2.16	,	0.0727	,	0.0308	,	0.909
2.162	,	0.0705	,	0.0401	,	0.8808
2.163	,	0.0682	,	0.0493	,	0.8526
2.164	,	0.0685	,	0.0483	,	0.8556
2.165	,	0.0709	,	0.038	,	0.8869
2.166	,	0.0734	,	0.0276	,	0.9181
2.166	,	0.0759	,	0.0173	,	0.9493
2.168	,	0.0777	,	0.0099	,	0.9715
2.169	,	0.0777	,	0.0098	,	0.9716
2.171	,	0.0777	,	0.0097	,	0.9718
2.173	,	0.0778	,	0.0096	,	0.972
2.175	,	0.0777	,	0.0098	,	0.9714
2.176	,	0.0765	,	0.0147	,	0.9565
2.177	,	0.0753	,	0.0196	,	0.9417
2.178	,	0.0741	,	0.0245	,	0.9268
2.178	,	0.073	,	0.0294	,	0.912
2.179	,	0.0733	,	0.0281	,	0.9159
2.179	,	0.0739	,	0.0254	,	0.924
2.18	,	0.0746	,	0.0228	,	0.932
2.18	,	0.0752	,	0.0202	,	0.94
2.181	,	0.0751	,	0.0207	,	0.9383
2.182	,	0.0744	,	0.0234	,	0.9297
2.183	,	0.0737	,	0.0262	,	0.9211
2.185	,	0.073	,	0.0289	,	0.9126
2.185	,	0.072	,	0.033	,	0.8997
2.185	,	0.0703	,	0.0396	,	0.8786
2.185	,	0.0686	,	0.0462	,	0.8575
2.185	,	0.0669	,	0.0528	,	0.8364
2.183	,	0.064	,	0.0648	,	0.8005
2.166	,	0.0516	,	0.1199	,	0.6456
2.148	,	0.0392	,	0.175	,	0.4906
2.131	,	0.0268	,	0.2302	,	0.3354
2.113	,	0.0144	,	0.2854	,	0.1802
2.112	,	0.0127	,	0.2921	,	0.1593
2.113	,	0.0126	,	0.292	,	0.1574
2.114	,	0.0124	,	0.2918	,	0.1556
2.116	,	0.0123	,	0.2917	,	0.1537
2.125	,	0.0225	,	0.2476	,	0.281
2.138	,	0.0385	,	0.1788	,	0.4807
2.152	,	0.0545	,	0.1099	,	0.6807
2.165	,	0.0704	,	0.0411	,	0.8806
2.168	,	0.0736	,	0.0272	,	0.92
2.157	,	0.0579	,	0.0939	,	0.7243
2.145	,	0.0423	,	0.1606	,	0.5283
2.134	,	0.0266	,	0.2272	,	0.3323
2.125	,	0.0138	,	0.2811	,	0.1727
2.131	,	0.0151	,	0.2733	,	0.1892
2.137	,	0.0165	,	0.2656	,	0.2057
2.143	,	0.0178	,	0.2578	,	0.2222
2.149	,	0.0191	,	0.25	,	0.2387
2.15	,	0.0185	,	0.2518	,	0.2309
2.15	,	0.0177	,	0.2543	,	0.2215
2.151	,	0.017	,	0.2567	,	0.212
2.151	,	0.0162	,	0.2592	,	0.2026
2.161	,	0.0259	,	0.2195	,	0.3239
2.174	,	0.04	,	0.1621	,	0.5006
2.188	,	0.0542	,	0.1046	,	0.6774
2.201	,	0.0683	,	0.0471	,	0.8542
2.209	,	0.0758	,	0.0166	,	0.948
2.21	,	0.0758	,	0.0167	,	0.9477
2.212	,	0.0758	,	0.0167	,	0.9473
2.213	,	0.0758	,	0.0168	,	0.9469
2.213	,	0.0737	,	0.0243	,	0.9215
2.211	,	0.0652	,	0.0555	,	0.8152
2.21	,	0.0567	,	0.0867	,	0.7088
2.208	,	0.0482	,	0.1179	,	0.6025
2.206	,	0.0397	,	0.149	,	0.4965
2.208	,	0.0436	,	0.1353	,	0.5444
2.209	,	0.0474	,	0.1216	,	0.5924
2.211	,	0.0512	,	0.1079	,	0.6404
2.212	,	0.0551	,	0.0942	,	0.6885
2.213	,	0.0557	,	0.0919	,	0.6962
2.214	,	0.0553	,	0.0931	,	0.6915
2.215	,	0.0549	,	0.0943	,	0.6867
2.215	,	0.0545	,	0.0956	,	0.6817
2.217	,	0.0572	,	0.0855	,	0.7153
2.22	,	0.0626	,	0.0655	,	0.7825
2.222	,	0.068	,	0.0454	,	0.8499
2.225	,	0.0734	,	0.0252	,	0.9174
2.227	,	0.0773	,	0.0107	,	0.9661
2.226	,	0.0777	,	0.0091	,	0.9712
2.225	,	0.0781	,	0.0075	,	0.9762
2.225	,	0.0785	,	0.006	,	0.9813
2.224	,	0.0789	,	0.0046	,	0.9858
2.228	,	0.0786	,	0.0056	,	0.9823
2.231	,	0.0783	,	0.0067	,	0.9787
2.234	,	0.078	,	0.0078	,	0.9752
2.237	,	0.0777	,	0.0089	,	0.9716
2.238	,	0.0749	,	0.0195	,	0.9356
2.239	,	0.0714	,	0.0321	,	0.8931
2.239	,	0.068	,	0.0448	,	0.8503
2.24	,	0.0646	,	0.0575	,	0.8073
2.238	,	0.0557	,	0.0871	,	0.6967
2.235	,	0.0434	,	0.1278	,	0.5423
2.232	,	0.0311	,	0.1683	,	0.3883
2.229	,	0.0188	,	0.2088	,	0.2345
2.228	,	0.0109	,	0.2346	,	0.1356
2.228	,	0.0103	,	0.2358	,	0.1283
2.229	,	0.0097	,	0.2371	,	0.1209
2.23	,	0.0091	,	0.2384	,	0.1135
2.231	,	0.0086	,	0.2394	,	0.1077
2.232	,	0.009	,	0.2379	,	0.1125
2.232	,	0.0094	,	0.2364	,	0.1173
2.233	,	0.0098	,	0.2348	,	0.1222
2.234	,	0.0102	,	0.2333	,	0.1272
2.242	,	0.0232	,	0.1903	,	0.2904
2.251	,	0.0376	,	0.1431	,	0.4695
2.259	,	0.0519	,	0.0959	,	0.6487
2.268	,	0.0662	,	0.0486	,	0.828
2.271	,	0.0707	,	0.0341	,	0.8832
2.27	,	0.0703	,	0.0352	,	0.8792
2.269	,	0.07	,	0.0362	,	0.8753
2.268	,	0.0697	,	0.0373	,	0.8712
2.268	,	0.0695	,	0.0379	,	0.8691
2.268	,	0.0696	,	0.0378	,	0.8694
2.268	,	0.0696	,	0.0376	,	0.8697
2.269	,	0.0696	,	0.0375	,	0.8699
2.269	,	0.0699	,	0.0364	,	0.8736
2.268	,	0.0712	,	0.0317	,	0.8901
2.268	,	0.0725	,	0.027	,	0.9066
2.268	,	0.0739	,	0.0223	,	0.9231
2.267	,	0.0752	,	0.0176	,	0.9397
2.268	,	0.0741	,	0.0215	,	0.9258
2.268	,	0.0729	,	0.0255	,	0.9113
2.269	,	0.0717	,	0.0295	,	0.8968
2.27	,	0.0706	,	0.0336	,	0.8823
2.27	,	0.0709	,	0.0326	,	0.8858
2.27	,	0.0716	,	0.0299	,	0.8954
2.271	,	0.0724	,	0.0272	,	0.9049
2.271	,	0.0732	,	0.0245	,	0.9145
2.272	,	0.0739	,	0.022	,	0.9233
2.272	,	0.0745	,	0.0197	,	0.9315
2.272	,	0.0752	,	0.0173	,	0.9397
2.272	,	0.0758	,	0.015	,	0.9479
2.272	,	0.0764	,	0.013	,	0.9552
2.272	,	0.0768	,	0.0115	,	0.9604
2.273	,	0.0772	,	0.01	,	0.9656
2.273	,	0.0777	,	0.0085	,	0.9708
2.273	,	0.0781	,	0.0071	,	0.9757
2.273	,	0.0781	,	0.007	,	0.976
2.273	,	0.0781	,	0.0069	,	0.9763
2.274	,	0.0781	,	0.0068	,	0.9766
2.274	,	0.0782	,	0.0067	,	0.9769
2.274	,	0.0777	,	0.0086	,	0.9706
2.274	,	0.077	,	0.0108	,	0.9629
2.274	,	0.0764	,	0.0131	,	0.9549
2.275	,	0.0757	,	0.0155	,	0.9467
2.275	,	0.074	,	0.0213	,	0.9255
2.275	,	0.0717	,	0.0293	,	0.8957
2.275	,	0.0693	,	0.0374	,	0.866
2.275	,	0.0669	,	0.0454	,	0.8363
2.276	,	0.0653	,	0.0508	,	0.8158
2.277	,	0.0649	,	0.0519	,	0.8108
2.279	,	0.0645	,	0.0529	,	0.8059
2.28	,	0.0641	,	0.0539	,	0.8012
2.282	,	0.0643	,	0.0529	,	0.804
2.282	,	0.0681	,	0.0401	,	0.8514
2.282	,	0.0719	,	0.0274	,	0.8987
2.283	,	0.0757	,	0.0146	,	0.9461
2.283	,	0.0795	,	0.0018	,	0.9935
2.286	,	0.0775	,	0.0086	,	0.9682
2.288	,	0.0749	,	0.0173	,	0.9359
2.291	,	0.0723	,	0.026	,	0.9036
2.294	,	0.0697	,	0.0347	,	0.8713
2.296	,	0.0683	,	0.0394	,	0.8536
2.296	,	0.0674	,	0.0422	,	0.8426
2.297	,	0.0665	,	0.0449	,	0.8317
2.298	,	0.0657	,	0.0477	,	0.8207
2.298	,	0.0648	,	0.0503	,	0.8103
2.298	,	0.0641	,	0.0527	,	0.8009
2.298	,	0.0633	,	0.0551	,	0.7914
2.298	,	0.0625	,	0.0575	,	0.7818
2.297	,	0.06	,	0.0653	,	0.7495
2.292	,	0.0512	,	0.0917	,	0.6399
2.287	,	0.0424	,	0.1179	,	0.5305
2.283	,	0.0337	,	0.1442	,	0.4212
2.278	,	0.025	,	0.1705	,	0.312
2.278	,	0.0246	,	0.1712	,	0.3076
2.279	,	0.0243	,	0.1719	,	0.3035
2.279	,	0.024	,	0.1725	,	0.2994
2.28	,	0.0236	,	0.1732	,	0.2954
2.283	,	0.0303	,	0.1534	,	0.3787
2.287	,	0.039	,	0.1276	,	0.4877
2.291	,	0.0477	,	0.1019	,	0.5965
2.296	,	0.0564	,	0.0761	,	0.7054
2.299	,	0.0621	,	0.0587	,	0.7768
2.302	,	0.0653	,	0.0483	,	0.8168
2.305	,	0.0685	,	0.0379	,	0.8568
2.308	,	0.0718	,	0.0275	,	0.8969
2.304	,	0.0699	,	0.0345	,	0.8736
2.286	,	0.057	,	0.0794	,	0.7123
2.267	,	0.0441	,	0.1244	,	0.5509
2.249	,	0.0312	,	0.1693	,	0.3894
2.232	,	0.0193	,	0.2105	,	0.2409
2.234	,	0.0184	,	0.212	,	0.2296
2.237	,	0.0175	,	0.2135	,	0.2184
2.239	,	0.0166	,	0.215	,	0.2071
2.241	,	0.0157	,	0.2166	,	0.1958
2.24	,	0.014	,	0.2218	,	0.1756
2.238	,	0.0123	,	0.2277	,	0.154
2.235	,	0.0106	,	0.2336	,	0.1323
2.233	,	0.0089	,	0.2395	,	0.1107
2.233	,	0.0086	,	0.24	,	0.1074
2.235	,	0.0092	,	0.2374	,	0.1149
2.237	,	0.0098	,	0.2347	,	0.1224
2.239	,	0.0104	,	0.2321	,	0.1298
2.24	,	0.0103	,	0.2318	,	0.1288
2.239	,	0.0092	,	0.2349	,	0.1151
2.239	,	0.0081	,	0.238	,	0.1015
2.238	,	0.007	,	0.2411	,	0.0878
2.241	,	0.0092	,	0.2336	,	0.1148
2.261	,	0.0263	,	0.1772	,	0.3285
2.281	,	0.0434	,	0.1208	,	0.5423
2.3	,	0.0605	,	0.0644	,	0.7561
2.32	,	0.0776	,	0.0079	,	0.9701
2.318	,	0.0693	,	0.0321	,	0.8667
2.315	,	0.0598	,	0.0604	,	0.747
2.312	,	0.0502	,	0.0887	,	0.6272
2.309	,	0.0406	,	0.117	,	0.5073
2.311	,	0.0411	,	0.1158	,	0.5134
2.315	,	0.0454	,	0.1033	,	0.5674
2.32	,	0.0497	,	0.0908	,	0.6215
2.324	,	0.0541	,	0.0783	,	0.6757
2.326	,	0.0547	,	0.0764	,	0.6836
2.324	,	0.0516	,	0.0852	,	0.6448
2.323	,	0.0485	,	0.094	,	0.6059
2.322	,	0.0453	,	0.1029	,	0.5668
2.322	,	0.0449	,	0.1041	,	0.5609
2.326	,	0.0515	,	0.0848	,	0.6437
2.33	,	0.0581	,	0.0655	,	0.7267
2.335	,	0.0648	,	0.0462	,	0.81
2.339	,	0.071	,	0.0281	,	0.8878
2.337	,	0.0683	,	0.036	,	0.8538
2.335	,	0.0656	,	0.0438	,	0.8199
2.333	,	0.0629	,	0.0517	,	0.7859
2.331	,	0.0602	,	0.0595	,	0.7519
2.333	,	0.0631	,	0.0509	,	0.7883
2.336	,	0.0672	,	0.0386	,	0.8399
2.339	,	0.0713	,	0.0263	,	0.8915
2.342	,	0.0755	,	0.0141	,	0.9432
2.344	,	0.0769	,	0.0099	,	0.9607
2.343	,	0.0764	,	0.0113	,	0.9549
2.343	,	0.0759	,	0.0127	,	0.9491
2.343	,	0.0755	,	0.0141	,	0.9434
2.342	,	0.0756	,	0.0138	,	0.9444
2.339	,	0.0765	,	0.0108	,	0.9568
2.336	,	0.0775	,	0.0077	,	0.9692
2.334	,	0.0785	,	0.0047	,	0.9816
2.331	,	0.0793	,	0.0023	,	0.9913
2.332	,	0.0789	,	0.0037	,	0.9858
2.333	,	0.0784	,	0.0051	,	0.9803
2.333	,	0.078	,	0.0065	,	0.9747
2.334	,	0.0775	,	0.0079	,	0.9692
2.336	,	0.0763	,	0.0116	,	0.9532
2.339	,	0.0749	,	0.0155	,	0.9364
2.341	,	0.0736	,	0.0194	,	0.9197
2.344	,	0.0722	,	0.0233	,	0.903
2.346	,	0.0722	,	0.0234	,	0.9027
2.347	,	0.0727	,	0.0218	,	0.9093
2.348	,	0.0733	,	0.0202	,	0.916
2.35	,	0.0738	,	0.0187	,	0.9226
2.35	,	0.0735	,	0.0194	,	0.9191
2.35	,	0.0724	,	0.0228	,	0.9044
2.35	,	0.0712	,	0.0262	,	0.8896
2.35	,	0.07	,	0.0296	,	0.8747
2.35	,	0.0695	,	0.0309	,	0.8689
2.35	,	0.0713	,	0.0257	,	0.891
2.351	,	0.0731	,	0.0206	,	0.9131
2.351	,	0.0748	,	0.0155	,	0.9353
2.352	,	0.0766	,	0.0104	,	0.9572
2.352	,	0.0771	,	0.0088	,	0.9639
2.352	,	0.0776	,	0.0072	,	0.9706
2.352	,	0.0782	,	0.0056	,	0.9773
2.352	,	0.0787	,	0.004	,	0.984
2.352	,	0.0789	,	0.0035	,	0.9858
2.352	,	0.0789	,	0.0034	,	0.9863
2.352	,	0.079	,	0.0033	,	0.9869
2.353	,	0.079	,	0.0031	,	0.9875
2.353	,	0.079	,	0.0031	,	0.9876
2.353	,	0.079	,	0.0031	,	0.9873
2.354	,	0.079	,	0.0032	,	0.9871
2.354	,	0.0789	,	0.0032	,	0.9869
2.355	,	0.0789	,	0.0033	,	0.9867
2.355	,	0.0789	,	0.0033	,	0.9867
2.356	,	0.0789	,	0.0033	,	0.9866
2.356	,	0.0789	,	0.0033	,	0.9866
2.357	,	0.0789	,	0.0034	,	0.9861
2.358	,	0.0786	,	0.0042	,	0.9826
2.359	,	0.0783	,	0.005	,	0.9791
2.36	,	0.078	,	0.0059	,	0.9756
2.361	,	0.0778	,	0.0067	,	0.9721
2.362	,	0.0774	,	0.0078	,	0.967
2.363	,	0.0769	,	0.009	,	0.9618
2.364	,	0.0765	,	0.0102	,	0.9565
2.366	,	0.0761	,	0.0114	,	0.9512
2.363	,	0.0681	,	0.0319	,	0.8511
2.358	,	0.0565	,	0.0614	,	0.7066
2.353	,	0.045	,	0.091	,	0.5621
2.348	,	0.0334	,	0.1205	,	0.4175
2.345	,	0.0252	,	0.1407	,	0.315
2.344	,	0.021	,	0.1498	,	0.2622
2.343	,	0.0167	,	0.159	,	0.2093
2.343	,	0.0125	,	0.1682	,	0.1566
2.343	,	0.0107	,	0.1719	,	0.1343
2.344	,	0.0168	,	0.1582	,	0.2099
2.346	,	0.0228	,	0.1446	,	0.2855
2.348	,	0.0289	,	0.1309	,	0.3609
2.35	,	0.035	,	0.1171	,	0.437
2.353	,	0.0451	,	0.091	,	0.5637
2.357	,	0.0553	,	0.0648	,	0.6907
2.361	,	0.0654	,	0.0385	,	0.8178
2.364	,	0.0756	,	0.0123	,	0.945
2.365	,	0.078	,	0.006	,	0.9749
2.366	,	0.0783	,	0.005	,	0.9792
2.366	,	0.0787	,	0.0039	,	0.9836
2.366	,	0.079	,	0.0029	,	0.988
2.367	,	0.078	,	0.0058	,	0.9747
2.367	,	0.0759	,	0.0118	,	0.9482
2.367	,	0.0737	,	0.0178	,	0.9217
2.368	,	0.0716	,	0.0238	,	0.8951
2.367	,	0.0661	,	0.0375	,	0.8266
2.364	,	0.0544	,	0.0657	,	0.6796
2.36	,	0.0426	,	0.0938	,	0.5325
2.357	,	0.0308	,	0.122	,	0.3855
2.355	,	0.0223	,	0.1423	,	0.2789
2.362	,	0.036	,	0.1088	,	0.4497
2.37	,	0.0496	,	0.0753	,	0.6205
2.377	,	0.0633	,	0.0418	,	0.7913
2.384	,	0.077	,	0.0083	,	0.9621
2.385	,	0.0759	,	0.0116	,	0.9482
2.385	,	0.0732	,	0.0186	,	0.9153
2.385	,	0.0706	,	0.0257	,	0.8825
2.385	,	0.068	,	0.0327	,	0.8498
2.385	,	0.0686	,	0.031	,	0.8577
2.385	,	0.0707	,	0.0253	,	0.8842
2.384	,	0.0728	,	0.0196	,	0.9106
2.384	,	0.075	,	0.0139	,	0.9369
2.384	,	0.0764	,	0.01	,	0.9549
2.384	,	0.0771	,	0.0082	,	0.9632
2.384	,	0.0777	,	0.0064	,	0.9716
2.384	,	0.0784	,	0.0045	,	0.98
2.384	,	0.0789	,	0.0031	,	0.9865
2.385	,	0.079	,	0.003	,	0.987
2.385	,	0.079	,	0.0029	,	0.9876
2.385	,	0.079	,	0.0027	,	0.9881
2.385	,	0.0791	,	0.0026	,	0.9887
2.386	,	0.0793	,	0.0021	,	0.991
2.386	,	0.0795	,	0.0016	,	0.9933
2.386	,	0.0796	,	0.001	,	0.9955
2.386	,	0.0798	,	0.0005	,	0.9978
2.387	,	0.0796	,	0.0011	,	0.9952
2.388	,	0.0793	,	0.002	,	0.9914
2.388	,	0.079	,	0.0029	,	0.9876
2.389	,	0.0787	,	0.0037	,	0.9838
2.39	,	0.0782	,	0.005	,	0.978
2.391	,	0.0776	,	0.0066	,	0.9705
2.392	,	0.077	,	0.0083	,	0.963
2.393	,	0.0764	,	0.0099	,	0.9554
2.394	,	0.0757	,	0.0116	,	0.9468
2.397	,	0.0749	,	0.0135	,	0.9363
2.4	,	0.0741	,	0.0154	,	0.9257
2.403	,	0.0732	,	0.0173	,	0.9151
2.404	,	0.0704	,	0.0241	,	0.8794
2.391	,	0.0554	,	0.06	,	0.6926
2.379	,	0.0405	,	0.0959	,	0.5059
2.367	,	0.0255	,	0.1318	,	0.3193
2.354	,	0.0106	,	0.1676	,	0.1326
2.356	,	0.0088	,	0.17	,	0.11
2.359	,	0.0081	,	0.1696	,	0.1011
2.362	,	0.0074	,	0.1691	,	0.0922
2.365	,	0.0067	,	0.1687	,	0.0833
2.366	,	0.0065	,	0.1684	,	0.0809
2.366	,	0.0065	,	0.1682	,	0.0813
2.367	,	0.0065	,	0.1679	,	0.0817
2.367	,	0.0066	,	0.1677	,	0.082
2.368	,	0.0064	,	0.1673	,	0.0796
2.37	,	0.0059	,	0.1668	,	0.0743
2.372	,	0.0055	,	0.1664	,	0.069
2.374	,	0.0051	,	0.1659	,	0.0638
2.375	,	0.0048	,	0.1654	,	0.06
2.376	,	0.0048	,	0.1648	,	0.0605
2.377	,	0.0049	,	0.1642	,	0.061
2.378	,	0.0049	,	0.1636	,	0.0615
2.373	,	0.0834	,	0.0355	,	0.834
2.376	,	0.0855	,	0.0304	,	0.8547
2.378	,	0.0875	,	0.0253	,	0.8754
2.381	,	0.0896	,	0.0202	,	0.8961
2.359	,	0.0634	,	0.0782	,	0.6338
2.336	,	0.0366	,	0.1374	,	0.3663
2.313	,	0.0099	,	0.1966	,	0.0987
2.342	,	0.0345	,	0.1431	,	0.3446
2.376	,	0.0637	,	0.0793	,	0.6373
2.409	,	0.093	,	0.0155	,	0.93
2.411	,	0.0976	,	0.0054	,	0.9761
2.408	,	0.0979	,	0.0047	,	0.979
2.405	,	0.0982	,	0.004	,	0.9818
2.398	,	0.092	,	0.0172	,	0.9204
2.391	,	0.0841	,	0.0342	,	0.8414
2.383	,	0.0762	,	0.0512	,	0.7624
2.381	,	0.0755	,	0.0526	,	0.7548
2.38	,	0.0775	,	0.0478	,	0.775
2.38	,	0.0795	,	0.0431	,	0.7952
2.377	,	0.0789	,	0.0441	,	0.7888
2.373	,	0.0768	,	0.0482	,	0.7685
2.368	,	0.0748	,	0.0522	,	0.7481
2.366	,	0.0765	,	0.0487	,	0.7655
2.364	,	0.0809	,	0.04	,	0.8091
2.363	,	0.0853	,	0.0312	,	0.8527
2.366	,	0.0891	,	0.0233	,	0.8913
2.372	,	0.0925	,	0.0162	,	0.9253
2.379	,	0.0959	,	0.009	,	0.9592
2.382	,	0.0965	,	0.0079	,	0.9647
2.381	,	0.0937	,	0.014	,	0.9366
2.38	,	0.0908	,	0.0201	,	0.9085
2.379	,	0.084	,	0.0336	,	0.8403
2.377	,	0.071	,	0.0587	,	0.7104
2.375	,	0.0581	,	0.0837	,	0.5805
2.374	,	0.0504	,	0.0986	,	0.5037
2.377	,	0.0535	,	0.0924	,	0.5353
2.38	,	0.0567	,	0.0862	,	0.5669
2.38	,	0.0589	,	0.0829	,	0.5895
2.373	,	0.0587	,	0.0872	,	0.5869
2.366	,	0.0584	,	0.0915	,	0.5843
2.364	,	0.0597	,	0.0914	,	0.5972
2.378	,	0.0673	,	0.0734	,	0.6728
2.393	,	0.0748	,	0.0554	,	0.7483
2.405	,	0.0815	,	0.0395	,	0.8151
2.404	,	0.0825	,	0.0372	,	0.8248
2.403	,	0.0834	,	0.0348	,	0.8345
2.402	,	0.0844	,	0.0325	,	0.8443
2.399	,	0.0856	,	0.0297	,	0.856
2.397	,	0.0868	,	0.0268	,	0.8676
2.395	,	0.0879	,	0.024	,	0.8793
2.393	,	0.0872	,	0.0249	,	0.8716
2.392	,	0.0864	,	0.0257	,	0.8639
2.391	,	0.0856	,	0.0266	,	0.8563
2.391	,	0.0829	,	0.0325	,	0.8292
2.39	,	0.0801	,	0.0389	,	0.8007
2.39	,	0.0772	,	0.0452	,	0.7723
2.377	,	0.0639	,	0.0746	,	0.6388
2.362	,	0.049	,	0.1075	,	0.4897
2.347	,	0.0341	,	0.1403	,	0.3407
2.351	,	0.0362	,	0.1354	,	0.3616
2.361	,	0.0423	,	0.1213	,	0.4235
2.37	,	0.0485	,	0.1072	,	0.4853
2.375	,	0.0499	,	0.1029	,	0.4994
2.379	,	0.0497	,	0.1021	,	0.4967
2.383	,	0.0494	,	0.1013	,	0.494
2.396	,	0.0602	,	0.0793	,	0.6024
2.414	,	0.0764	,	0.0472	,	0.7641
2.433	,	0.0926	,	0.015	,	0.9258
2.44	,	0.0988	,	0.0027	,	0.9877
2.441	,	0.0986	,	0.003	,	0.9858
2.441	,	0.0984	,	0.0032	,	0.9839
2.44	,	0.0983	,	0.0034	,	0.983
2.437	,	0.0983	,	0.0034	,	0.983
2.434	,	0.0983	,	0.0035	,	0.983
2.422	,	0.091	,	0.0191	,	0.9102
2.4	,	0.0759	,	0.0517	,	0.7585
2.379	,	0.0607	,	0.0843	,	0.6069
2.371	,	0.0572	,	0.0918	,	0.5721
2.381	,	0.0702	,	0.064	,	0.7022
2.392	,	0.0832	,	0.0362	,	0.8324
2.397	,	0.0914	,	0.0187	,	0.9138
2.392	,	0.0904	,	0.0208	,	0.9044
2.387	,	0.0895	,	0.0228	,	0.895
2.384	,	0.0894	,	0.023	,	0.8939
2.382	,	0.0914	,	0.0188	,	0.9138
2.381	,	0.0934	,	0.0146	,	0.9337
2.38	,	0.0934	,	0.0145	,	0.9344
2.377	,	0.0866	,	0.0286	,	0.8663
2.375	,	0.0798	,	0.0427	,	0.7982
2.374	,	0.0747	,	0.0532	,	0.7467
2.379	,	0.0787	,	0.0436	,	0.7872
2.385	,	0.0828	,	0.0339	,	0.8276
2.389	,	0.0854	,	0.0271	,	0.8544
2.383	,	0.0739	,	0.0497	,	0.7394
2.378	,	0.0624	,	0.0723	,	0.6244
2.372	,	0.0514	,	0.0939	,	0.5142
2.383	,	0.061	,	0.0766	,	0.6102
2.393	,	0.0706	,	0.0593	,	0.7063
2.403	,	0.0802	,	0.042	,	0.8024
2.409	,	0.085	,	0.032	,	0.8495
2.414	,	0.0894	,	0.0223	,	0.8945
2.42	,	0.0939	,	0.0126	,	0.9394
2.417	,	0.0899	,	0.0202	,	0.8988
2.413	,	0.0848	,	0.0299	,	0.8479
2.409	,	0.0797	,	0.0396	,	0.797
2.415	,	0.083	,	0.0332	,	0.8297
2.423	,	0.088	,	0.0234	,	0.88
2.431	,	0.093	,	0.0136	,	0.9303
2.431	,	0.0929	,	0.0139	,	0.9288
2.429	,	0.0911	,	0.0175	,	0.911
2.426	,	0.0893	,	0.021	,	0.8933
2.427	,	0.0877	,	0.0232	,	0.8774
2.429	,	0.0862	,	0.0247	,	0.8623
2.432	,	0.0847	,	0.0263	,	0.8472
2.434	,	0.0862	,	0.0242	,	0.8621
2.436	,	0.0894	,	0.0199	,	0.8944
2.437	,	0.0927	,	0.0156	,	0.9267
2.435	,	0.0948	,	0.012	,	0.9478
2.431	,	0.096	,	0.0089	,	0.9603
2.426	,	0.0973	,	0.0058	,	0.9727
2.428	,	0.098	,	0.0041	,	0.9796
2.437	,	0.0981	,	0.0038	,	0.9811
2.445	,	0.0983	,	0.0035	,	0.9826
2.445	,	0.0918	,	0.0148	,	0.9181
2.435	,	0.0768	,	0.0411	,	0.7679
2.425	,	0.0618	,	0.0673	,	0.6176
2.422	,	0.0572	,	0.0754	,	0.5717
2.433	,	0.0704	,	0.0524	,	0.7035
2.443	,	0.0835	,	0.0293	,	0.8354
2.448	,	0.0933	,	0.0124	,	0.9326
2.441	,	0.0951	,	0.0092	,	0.9507
2.434	,	0.0969	,	0.006	,	0.9688
2.429	,	0.098	,	0.0041	,	0.9802
2.429	,	0.097	,	0.0061	,	0.9701
2.429	,	0.096	,	0.0081	,	0.96
2.423	,	0.09	,	0.0199	,	0.9004
2.395	,	0.0605	,	0.0782	,	0.6054
2.366	,	0.031	,	0.1365	,	0.3103
2.341	,	0.0054	,	0.1871	,	0.0544
2.347	,	0.012	,	0.1747	,	0.1198
2.353	,	0.0185	,	0.1622	,	0.1852
2.359	,	0.0249	,	0.1499	,	0.2492
2.368	,	0.028	,	0.1407	,	0.2804
2.378	,	0.0312	,	0.1316	,	0.3117
2.387	,	0.0343	,	0.1224	,	0.343
2.402	,	0.0463	,	0.0986	,	0.4628
2.418	,	0.0585	,	0.0744	,	0.5845
2.433	,	0.0706	,	0.0502	,	0.7062
2.44	,	0.0789	,	0.036	,	0.7887
2.446	,	0.0867	,	0.0227	,	0.8675
2.452	,	0.0946	,	0.0095	,	0.9462
2.45	,	0.0933	,	0.0116	,	0.9328
2.446	,	0.0903	,	0.0165	,	0.9027
2.442	,	0.0873	,	0.0214	,	0.8727
2.438	,	0.0833	,	0.0296	,	0.8329
2.435	,	0.079	,	0.0388	,	0.7903
2.431	,	0.0748	,	0.0479	,	0.7478
2.436	,	0.0795	,	0.0391	,	0.795
2.443	,	0.0878	,	0.0233	,	0.8776
2.45	,	0.096	,	0.0075	,	0.9603
2.453	,	0.0981	,	0.0034	,	0.981
2.453	,	0.0969	,	0.0056	,	0.9687
2.454	,	0.0956	,	0.0078	,	0.9564
2.452	,	0.0927	,	0.0132	,	0.9272
2.449	,	0.0886	,	0.0209	,	0.8862
2.446	,	0.0845	,	0.0286	,	0.8452
2.446	,	0.0827	,	0.0317	,	0.8269
2.448	,	0.083	,	0.0307	,	0.8296
2.45	,	0.0832	,	0.0297	,	0.8322
2.452	,	0.0852	,	0.026	,	0.8515
2.452	,	0.0891	,	0.0193	,	0.8908
2.453	,	0.093	,	0.0125	,	0.93
2.456	,	0.0944	,	0.0097	,	0.9444
2.46	,	0.092	,	0.0131	,	0.9199
2.465	,	0.0895	,	0.0166	,	0.8953
2.468	,	0.0886	,	0.018	,	0.8858
2.469	,	0.0907	,	0.0151	,	0.9074
2.47	,	0.0929	,	0.0122	,	0.929
2.472	,	0.0949	,	0.0094	,	0.9486
2.476	,	0.0962	,	0.0069	,	0.9623
2.48	,	0.0976	,	0.0044	,	0.976
2.484	,	0.0988	,	0.0022	,	0.9877
2.489	,	0.0991	,	0.0016	,	0.9912
2.493	,	0.0995	,	0.001	,	0.9948
2.497	,	0.0998	,	0.0004	,	0.9979
2.492	,	0.0998	,	0.0003	,	0.9982
2.487	,	0.0999	,	0.0003	,	0.9985
2.482	,	0.0999	,	0.0003	,	0.9987
2.478	,	0.0996	,	0.0007	,	0.9962
2.474	,	0.0994	,	0.0012	,	0.9938
2.47	,	0.0991	,	0.0016	,	0.9914
2.429	,	0.0768	,	0.0506	,	0.7678
2.388	,	0.0544	,	0.0997	,	0.5438
2.347	,	0.032	,	0.1488	,	0.3199
2.385	,	0.0514	,	0.1062	,	0.5145
2.428	,	0.0739	,	0.057	,	0.739
2.471	,	0.0964	,	0.0079	,	0.9636
2.476	,	0.0993	,	0.0014	,	0.9929
2.476	,	0.0993	,	0.0014	,	0.9926
2.476	,	0.0992	,	0.0014	,	0.9922
2.472	,	0.099	,	0.0018	,	0.99
2.467	,	0.0987	,	0.0023	,	0.9873
2.461	,	0.0985	,	0.0028	,	0.9847
2.452	,	0.0887	,	0.0201	,	0.887
2.44	,	0.0756	,	0.0433	,	0.7555
2.429	,	0.0624	,	0.0665	,	0.624
2.423	,	0.0536	,	0.0812	,	0.5356
2.419	,	0.0468	,	0.0919	,	0.4682
2.415	,	0.0401	,	0.1025	,	0.4008
2.414	,	0.0402	,	0.102	,	0.4016
2.415	,	0.0447	,	0.0943	,	0.4466
2.416	,	0.0492	,	0.0865	,	0.4916
2.41	,	0.047	,	0.0926	,	0.4699
2.398	,	0.0392	,	0.1104	,	0.3915
2.386	,	0.0313	,	0.1282	,	0.3132
2.392	,	0.0383	,	0.1165	,	0.383
2.416	,	0.0616	,	0.0725	,	0.6157
2.441	,	0.0848	,	0.0285	,	0.8483
2.445	,	0.0874	,	0.0225	,	0.8742
2.42	,	0.0604	,	0.0713	,	0.6035
2.395	,	0.0333	,	0.12	,	0.3329
2.384	,	0.0162	,	0.1476	,	0.1622
2.401	,	0.0181	,	0.1352	,	0.1808
2.418	,	0.0199	,	0.1229	,	0.1993
2.433	,	0.0276	,	0.1048	,	0.2765
2.446	,	0.0504	,	0.0719	,	0.5039
2.458	,	0.0731	,	0.039	,	0.7314
2.467	,	0.0916	,	0.0123	,	0.9157
2.462	,	0.0943	,	0.0084	,	0.9427
2.457	,	0.097	,	0.0046	,	0.9697
2.453	,	0.0992	,	0.0013	,	0.9923
2.46	,	0.099	,	0.0016	,	0.9898
2.467	,	0.0987	,	0.0019	,	0.9874
2.473	,	0.0981	,	0.0029	,	0.9814
2.472	,	0.0936	,	0.0104	,	0.9364
2.47	,	0.0891	,	0.0179	,	0.8913
2.469	,	0.0847	,	0.0252	,	0.8474
2.472	,	0.0862	,	0.0228	,	0.8615
2.475	,	0.0876	,	0.0204	,	0.8756
2.478	,	0.089	,	0.018	,	0.8898
2.482	,	0.0878	,	0.02	,	0.8781
2.487	,	0.0865	,	0.0223	,	0.8653
2.491	,	0.0852	,	0.0245	,	0.8524
2.498	,	0.0893	,	0.0177	,	0.8934
2.505	,	0.0941	,	0.0098	,	0.9411
2.512	,	0.0989	,	0.0019	,	0.9888
2.509	,	0.0993	,	0.001	,	0.9935
2.504	,	0.0989	,	0.0017	,	0.9889
2.499	,	0.0984	,	0.0335	,	0.9163
2.496	,	0.0986	,	0.0264	,	0.9339
2.493	,	0.099	,	0.0194	,	0.9515
2.491	,	0.0993	,	0.0123	,	0.9692
2.488	,	0.0989	,	0.0084	,	0.9789
2.486	,	0.098	,	0.016	,	0.9596
2.483	,	0.0972	,	0.0235	,	0.9404
2.478	,	0.0934	,	0.0311	,	0.9212
2.471	,	0.0878	,	0.0386	,	0.902
2.464	,	0.0822	,	0.0362	,	0.9082
2.453	,	0.0719	,	0.0335	,	0.9151
2.438	,	0.0579	,	0.0308	,	0.922
2.423	,	0.0439	,	0.0281	,	0.9288
2.424	,	0.0443	,	0.0251	,	0.9365
2.441	,	0.0593	,	0.022	,	0.9444
2.458	,	0.0743	,	0.0189	,	0.9523
2.473	,	0.0851	,	0.0158	,	0.9602
2.485	,	0.0902	,	0.0128	,	0.9678
2.498	,	0.0954	,	0.0098	,	0.9753
2.502	,	0.0972	,	0.0068	,	0.9828
2.493	,	0.0932	,	0.0039	,	0.9903
2.552	,	0.146	,	0.0956	,	0.6817
2.552	,	0.1466	,	0.0855	,	0.7153
2.551	,	0.1442	,	0.0655	,	0.7825
2.55	,	0.1414	,	0.0454	,	0.8499
2.546	,	0.1351	,	0.0252	,	0.9174
2.55	,	0.1417	,	0.0107	,	0.9661
2.551	,	0.1442	,	0.0091	,	0.9712
2.539	,	0.1209	,	0.0075	,	0.9762
2.526	,	0.0956	,	0.006	,	0.9813
2.542	,	0.1264	,	0.0046	,	0.9858
2.549	,	0.1385	,	0.0056	,	0.9823
2.553	,	0.1453	,	0.0067	,	0.9787
2.553	,	0.1465	,	0.0078	,	0.9752
2.552	,	0.1442	,	0.0089	,	0.9716
2.551	,	0.1425	,	0.0195	,	0.9356
2.553	,	0.1455	,	0.0321	,	0.8931
2.554	,	0.1472	,	0.0448	,	0.8503
2.555	,	0.1481	,	0.0575	,	0.8073
2.555	,	0.1483	,	0.0871	,	0.6967
2.555	,	0.1475	,	0.1278	,	0.5423
2.553	,	0.1443	,	0.1683	,	0.3883
2.538	,	0.1154	,	0.2088	,	0.2345
2.535	,	0.1089	,	0.2346	,	0.1356
2.543	,	0.1248	,	0.2358	,	0.1283
2.554	,	0.1451	,	0.2371	,	0.1209
2.549	,	0.1346	,	0.2384	,	0.1135
2.549	,	0.1356	,	0.2394	,	0.1077
2.55	,	0.1366	,	0.2379	,	0.1125
2.548	,	0.1331	,	0.2364	,	0.1173
2.543	,	0.1238	,	0.2348	,	0.1222
2.534	,	0.1067	,	0.2333	,	0.1272
2.499	,	0.0389	,	0.1903	,	0.2904
2.533	,	0.1039	,	0.1431	,	0.4695
2.552	,	0.1402	,	0.0959	,	0.6487
2.553	,	0.1409	,	0.0486	,	0.828
2.555	,	0.1443	,	0.0341	,	0.8832
2.556	,	0.1468	,	0.0352	,	0.8792
2.551	,	0.136	,	0.0362	,	0.8753
2.551	,	0.136	,	0.0373	,	0.8712
2.552	,	0.1376	,	0.0379	,	0.8691
2.55	,	0.1351	,	0.0378	,	0.8694
2.553	,	0.14	,	0.0376	,	0.8697
2.518	,	0.0724	,	0.0375	,	0.8699
2.509	,	0.0539	,	0.0364	,	0.8736
2.501	,	0.0396	,	0.0317	,	0.8901
2.492	,	0.0218	,	0.027	,	0.9066
2.501	,	0.0381	,	0.0223	,	0.9231
2.518	,	0.07	,	0.0176	,	0.9397
2.521	,	0.0764	,	0.0215	,	0.9258
2.535	,	0.1031	,	0.0255	,	0.9113
2.55	,	0.1317	,	0.0295	,	0.8968
2.546	,	0.1232	,	0.0336	,	0.8823
2.556	,	0.1435	,	0.0326	,	0.8858
2.549	,	0.1303	,	0.0299	,	0.8954
2.545	,	0.1219	,	0.0272	,	0.9049
2.547	,	0.1243	,	0.0245	,	0.9145
2.55	,	0.13	,	0.022	,	0.9233
2.541	,	0.1141	,	0.0197	,	0.9315
2.554	,	0.1373	,	0.0173	,	0.9397
2.557	,	0.1431	,	0.015	,	0.9479
2.546	,	0.1217	,	0.013	,	0.9552
2.527	,	0.0854	,	0.0115	,	0.9604
2.521	,	0.0722	,	0.01	,	0.9656
2.493	,	0.0184	,	0.0085	,	0.9708
2.499	,	0.0287	,	0.0071	,	0.9757
2.518	,	0.0669	,	0.007	,	0.976
2.536	,	0.1018	,	0.0069	,	0.9763
2.542	,	0.1135	,	0.0068	,	0.9766
2.557	,	0.1428	,	0.0067	,	0.9769
2.557	,	0.142	,	0.0086	,	0.9706
2.541	,	0.1101	,	0.0108	,	0.9629
2.523	,	0.0743	,	0.0131	,	0.9549
2.521	,	0.0707	,	0.0155	,	0.9467
2.548	,	0.124	,	0.0213	,	0.9255
2.549	,	0.1259	,	0.0293	,	0.8957
2.54	,	0.1081	,	0.0374	,	0.866
2.537	,	0.1016	,	0.0454	,	0.8363
2.546	,	0.119	,	0.0508	,	0.8158
2.551	,	0.129	,	0.0519	,	0.8108
2.551	,	0.1277	,	0.0529	,	0.8059
2.554	,	0.134	,	0.0539	,	0.8012
2.536	,	0.0972	,	0.0529	,	0.804
2.512	,	0.0497	,	0.0401	,	0.8514
2.547	,	0.1191	,	0.0274	,	0.8987
2.559	,	0.143	,	0.0146	,	0.9461
2.561	,	0.1469	,	0.0018	,	0.9935
2.552	,	0.1292	,	0.0086	,	0.9682
2.546	,	0.1165	,	0.0173	,	0.9359
2.558	,	0.1396	,	0.026	,	0.9036
2.547	,	0.1169	,	0.0347	,	0.8713
2.532	,	0.0878	,	0.0394	,	0.8536
2.537	,	0.0982	,	0.0422	,	0.8426
2.553	,	0.129	,	0.0449	,	0.8317
2.561	,	0.1457	,	0.0477	,	0.8207
2.554	,	0.1312	,	0.0503	,	0.8103
2.543	,	0.1081	,	0.0527	,	0.8009
2.539	,	0.1012	,	0.0551	,	0.7914
2.535	,	0.0915	,	0.0575	,	0.7818
2.523	,	0.069	,	0.0653	,	0.7495
2.514	,	0.0496	,	0.0917	,	0.6399
2.534	,	0.0898	,	0.1179	,	0.5305
2.553	,	0.1283	,	0.1442	,	0.4212
2.563	,	0.1463	,	0.1705	,	0.312
2.563	,	0.1461	,	0.1712	,	0.3076
2.564	,	0.1479	,	0.1719	,	0.3035
2.564	,	0.1492	,	0.1725	,	0.2994
