effporosity	Vshale		Class(Shale=1,SS=0)
3.35	,	91.63	,	1
2.64	,	93.39	,	1
1.94	,	95.15	,	1
1.23	,	96.92	,	1
0.84	,	97.89	,	1
1.6	,	95.96	,	1
2.35	,	94.04	,	1
3.11	,	92.12	,	1
3.86	,	90.2	,	1
3.62	,	90.82	,	1
3.35	,	91.51	,	1
3.08	,	92.2	,	1
2.81	,	92.88	,	1
2.51	,	93.65	,	1
2.2	,	94.44	,	1
1.89	,	95.23	,	1
1.58	,	96.02	,	1
1.28	,	96.78	,	1
0.98	,	97.53	,	1
0.68	,	98.28	,	1
0.39	,	99.03	,	1
0.2	,	99.51	,	1
0.32	,	99.19	,	1
0.45	,	98.87	,	1
0.58	,	98.55	,	1
0.7	,	98.23	,	1
0.66	,	98.33	,	1
0.62	,	98.43	,	1
0.59	,	98.53	,	1
0.55	,	98.62	,	1
0.7	,	98.22	,	1
0.91	,	97.68	,	1
1.12	,	97.12	,	1
1.33	,	96.57	,	1
1.34	,	96.56	,	1
1.16	,	97.02	,	1
0.98	,	97.49	,	1
0.79	,	97.96	,	1
0.86	,	97.77	,	1
1.54	,	95.96	,	1
2.22	,	94.16	,	1
2.9	,	92.36	,	1
3.64	,	90.38	,	1
5.64	,	84.81	,	1
7.65	,	79.22	,	1
9.66	,	73.62	,	1
11.68	,	68	,	0
15.5	,	56.58	,	0
19.74	,	43.81	,	0
23.98	,	31.05	,	0
28.22	,	18.28	,	0
30.04	,	12.73	,	0
30.03	,	12.64	,	0
30.03	,	12.55	,	0
30.02	,	12.46	,	0
28.5	,	16.96	,	0
23.91	,	30.75	,	0
19.33	,	44.55	,	0
14.74	,	58.36	,	0
10.34	,	71.54	,	0
7.94	,	78.16	,	1
5.55	,	84.77	,	1
3.15	,	91.37	,	1
0.76	,	97.97	,	1
0.4	,	98.97	,	1
0.39	,	98.99	,	1
0.38	,	99.02	,	1
0.37	,	99.04	,	1
0.38	,	99.02	,	1
0.4	,	98.95	,	1
0.42	,	98.89	,	1
0.44	,	98.83	,	1
0.45	,	98.79	,	1
0.45	,	98.8	,	1
0.45	,	98.8	,	1
0.45	,	98.8	,	1
0.77	,	97.9	,	1
3.16	,	91.25	,	1
5.54	,	84.59	,	1
7.93	,	77.93	,	1
10.33	,	71.25	,	0
13.9	,	60.05	,	0
17.6	,	48.34	,	0
21.3	,	36.63	,	0
25.01	,	24.91	,	0
26.46	,	20.19	,	0
26.74	,	19.1	,	0
27.03	,	18.01	,	0
27.31	,	16.94	,	0
25.27	,	23.11	,	0
20.06	,	39.22	,	0
14.85	,	55.32	,	0
9.64	,	71.44	,	1
5.2	,	85.13	,	1
4.2	,	88.02	,	1
3.19	,	90.92	,	1
2.19	,	93.81	,	1
1.19	,	96.7	,	1
2.29	,	93.48	,	1
3.51	,	89.9	,	1
4.73	,	86.31	,	1
5.97	,	82.71	,	1
6.18	,	82.04	,	1
5.99	,	82.58	,	1
5.79	,	83.13	,	1
5.59	,	83.67	,	1
4.89	,	85.7	,	1
3.64	,	89.38	,	1
2.38	,	93.06	,	1
1.12	,	96.76	,	1
0.16	,	99.56	,	1
0.23	,	99.36	,	1
0.3	,	99.17	,	1
0.37	,	98.98	,	1
0.43	,	98.79	,	1
0.67	,	98.09	,	1
0.91	,	97.4	,	1
1.15	,	96.71	,	1
1.39	,	96.02	,	1
2.15	,	93.71	,	1
3.08	,	90.9	,	1
4.01	,	88.08	,	1
4.93	,	85.26	,	1
4.83	,	85.56	,	1
3.8	,	88.69	,	1
2.76	,	91.81	,	1
1.73	,	94.93	,	1
0.99	,	97.15	,	1
0.98	,	97.16	,	1
0.97	,	97.18	,	1
0.96	,	97.2	,	1
0.98	,	97.14	,	1
1.47	,	95.65	,	1
1.96	,	94.17	,	1
2.45	,	92.68	,	1
2.94	,	91.2	,	1
2.81	,	91.59	,	1
2.54	,	92.4	,	1
2.28	,	93.2	,	1
2.02	,	94	,	1
2.07	,	93.83	,	1
2.34	,	92.97	,	1
2.62	,	92.11	,	1
2.89	,	91.26	,	1
3.3	,	89.97	,	1
3.96	,	87.86	,	1
4.62	,	85.75	,	1
5.28	,	83.64	,	1
6.48	,	80.05	,	1
11.99	,	64.56	,	0
17.5	,	49.06	,	0
23.02	,	33.54	,	0
28.54	,	18.02	,	0
29.21	,	15.93	,	0
29.2	,	15.74	,	0
29.18	,	15.56	,	0
29.17	,	15.37	,	0
24.76	,	28.1	,	0
17.88	,	48.07	,	0
10.99	,	68.07	,	0
4.11	,	88.06	,	1
2.72	,	92	,	1
9.39	,	72.43	,	1
16.06	,	52.83	,	0
22.72	,	33.23	,	0
28.11	,	17.27	,	0
27.33	,	18.92	,	0
26.56	,	20.57	,	0
25.78	,	22.22	,	0
25	,	23.87	,	0
25.18	,	23.09	,	0
25.43	,	22.15	,	0
25.67	,	21.2	,	0
25.92	,	20.26	,	0
21.95	,	32.39	,	0
16.21	,	50.06	,	0
10.46	,	67.74	,	0
4.71	,	85.42	,	1
1.66	,	94.8	,	1
1.67	,	94.77	,	1
1.67	,	94.73	,	1
1.68	,	94.69	,	1
2.43	,	92.15	,	1
5.55	,	81.52	,	1
8.67	,	70.88	,	1
11.79	,	60.25	,	0
14.9	,	49.65	,	0
13.53	,	54.44	,	0
12.16	,	59.24	,	0
10.79	,	64.04	,	0
9.42	,	68.85	,	1
9.19	,	69.62	,	1
9.31	,	69.15	,	1
9.43	,	68.67	,	1
9.56	,	68.17	,	1
8.55	,	71.53	,	1
6.55	,	78.25	,	1
4.54	,	84.99	,	1
2.52	,	91.74	,	1
1.07	,	96.61	,	1
0.91	,	97.12	,	1
0.75	,	97.62	,	1
0.6	,	98.13	,	1
0.46	,	98.58	,	1
0.56	,	98.23	,	1
0.67	,	97.87	,	1
0.78	,	97.52	,	1
0.89	,	97.16	,	1
1.95	,	93.56	,	1
3.21	,	89.31	,	1
4.48	,	85.03	,	1
5.75	,	80.73	,	1
8.71	,	69.67	,	1
12.78	,	54.23	,	0
16.83	,	38.83	,	0
20.88	,	23.45	,	0
23.46	,	13.56	,	0
23.58	,	12.83	,	0
23.71	,	12.09	,	0
23.84	,	11.35	,	0
23.94	,	10.77	,	0
23.79	,	11.25	,	0
23.64	,	11.73	,	0
23.48	,	12.22	,	0
23.33	,	12.72	,	0
19.03	,	29.04	,	0
14.31	,	46.95	,	0
9.59	,	64.87	,	1
4.86	,	82.8	,	1
3.41	,	88.32	,	1
3.52	,	87.92	,	1
3.62	,	87.53	,	1
3.73	,	87.12	,	1
3.79	,	86.91	,	1
3.78	,	86.94	,	1
3.76	,	86.97	,	1
3.75	,	86.99	,	1
3.64	,	87.36	,	1
3.17	,	89.01	,	1
2.7	,	90.66	,	1
2.23	,	92.31	,	1
1.76	,	93.97	,	1
2.15	,	92.58	,	1
2.55	,	91.13	,	1
2.95	,	89.68	,	1
3.36	,	88.23	,	1
3.26	,	88.58	,	1
2.99	,	89.54	,	1
2.72	,	90.49	,	1
2.45	,	91.45	,	1
2.2	,	92.33	,	1
1.97	,	93.15	,	1
1.73	,	93.97	,	1
1.5	,	94.79	,	1
1.3	,	95.52	,	1
1.15	,	96.04	,	1
1	,	96.56	,	1
0.85	,	97.08	,	1
0.71	,	97.57	,	1
0.7	,	97.6	,	1
0.69	,	97.63	,	1
0.68	,	97.66	,	1
0.67	,	97.69	,	1
0.86	,	97.06	,	1
1.08	,	96.29	,	1
1.31	,	95.49	,	1
1.55	,	94.67	,	1
2.13	,	92.55	,	1
2.93	,	89.57	,	1
3.74	,	86.6	,	1
4.54	,	83.63	,	1
5.08	,	81.58	,	1
5.19	,	81.08	,	1
5.29	,	80.59	,	1
5.39	,	80.12	,	1
5.29	,	80.4	,	1
4.01	,	85.14	,	1
2.74	,	89.87	,	1
1.46	,	94.61	,	1
0.18	,	99.35	,	1
0.86	,	96.82	,	1
1.73	,	93.59	,	1
2.6	,	90.36	,	1
3.47	,	87.13	,	1
3.94	,	85.36	,	1
4.22	,	84.26	,	1
4.49	,	83.17	,	1
4.77	,	82.07	,	1
5.03	,	81.03	,	1
5.27	,	80.09	,	1
5.51	,	79.14	,	1
5.75	,	78.18	,	1
6.53	,	74.95	,	1
9.17	,	63.99	,	1
11.79	,	53.05	,	0
14.42	,	42.12	,	0
17.05	,	31.2	,	0
17.12	,	30.76	,	0
17.19	,	30.35	,	0
17.25	,	29.94	,	0
17.32	,	29.54	,	0
15.34	,	37.87	,	0
12.76	,	48.77	,	0
10.19	,	59.65	,	0
7.61	,	70.54	,	1
5.87	,	77.68	,	1
4.83	,	81.68	,	1
3.79	,	85.68	,	1
2.75	,	89.69	,	1
3.45	,	87.36	,	1
7.94	,	71.23	,	1
12.44	,	55.09	,	0
16.93	,	38.94	,	0
21.05	,	24.09	,	0
21.2	,	22.96	,	0
21.35	,	21.84	,	0
21.5	,	20.71	,	0
21.66	,	19.58	,	0
22.18	,	17.56	,	0
22.77	,	15.4	,	0
23.36	,	13.23	,	0
23.95	,	11.07	,	0
24	,	10.74	,	0
23.74	,	11.49	,	0
23.47	,	12.24	,	0
23.21	,	12.98	,	0
23.18	,	12.88	,	0
23.49	,	11.51	,	0
23.8	,	10.15	,	0
24.11	,	8.78	,	0
23.36	,	11.48	,	0
17.72	,	32.85	,	0
12.08	,	54.23	,	0
6.44	,	75.61	,	1
0.79	,	97.01	,	1
3.21	,	86.67	,	1
6.04	,	74.7	,	1
8.87	,	62.72	,	1
11.7	,	50.73	,	0
11.58	,	51.34	,	0
10.33	,	56.74	,	0
9.08	,	62.15	,	1
7.83	,	67.57	,	1
7.64	,	68.36	,	1
8.52	,	64.48	,	1
9.4	,	60.59	,	1
10.29	,	56.68	,	0
10.41	,	56.09	,	0
8.48	,	64.37	,	1
6.55	,	72.67	,	1
4.62	,	81	,	1
2.81	,	88.78	,	1
3.6	,	85.38	,	1
4.38	,	81.99	,	1
5.17	,	78.59	,	1
5.95	,	75.19	,	1
5.09	,	78.83	,	1
3.86	,	83.99	,	1
2.63	,	89.15	,	1
1.41	,	94.32	,	1
0.99	,	96.07	,	1
1.13	,	95.49	,	1
1.27	,	94.91	,	1
1.41	,	94.34	,	1
1.38	,	94.44	,	1
1.08	,	95.68	,	1
0.77	,	96.92	,	1
0.47	,	98.16	,	1
0.23	,	99.13	,	1
0.37	,	98.58	,	1
0.51	,	98.03	,	1
0.65	,	97.47	,	1
0.79	,	96.92	,	1
1.16	,	95.32	,	1
1.55	,	93.64	,	1
1.94	,	91.97	,	1
2.33	,	90.3	,	1
2.34	,	90.27	,	1
2.18	,	90.93	,	1
2.02	,	91.6	,	1
1.87	,	92.26	,	1
1.94	,	91.91	,	1
2.28	,	90.44	,	1
2.62	,	88.96	,	1
2.96	,	87.47	,	1
3.09	,	86.89	,	1
2.57	,	89.1	,	1
2.06	,	91.31	,	1
1.55	,	93.53	,	1
1.04	,	95.72	,	1
0.88	,	96.39	,	1
0.72	,	97.06	,	1
0.56	,	97.73	,	1
0.4	,	98.4	,	1
0.35	,	98.58	,	1
0.34	,	98.63	,	1
0.33	,	98.69	,	1
0.31	,	98.75	,	1
0.31	,	98.76	,	1
0.31	,	98.73	,	1
0.32	,	98.71	,	1
0.32	,	98.69	,	1
0.33	,	98.67	,	1
0.33	,	98.67	,	1
0.33	,	98.66	,	1
0.33	,	98.66	,	1
0.34	,	98.61	,	1
0.42	,	98.26	,	1
0.5	,	97.91	,	1
0.59	,	97.56	,	1
0.67	,	97.21	,	1
0.78	,	96.7	,	1
0.9	,	96.18	,	1
1.02	,	95.65	,	1
1.14	,	95.12	,	1
3.19	,	85.11	,	1
6.14	,	70.66	,	1
9.1	,	56.21	,	1
12.05	,	41.75	,	0
14.07	,	31.5	,	0
14.98	,	26.22	,	0
15.9	,	20.93	,	0
16.82	,	15.66	,	0
17.19	,	13.43	,	0
15.82	,	20.99	,	0
14.46	,	28.55	,	0
13.09	,	36.09	,	0
11.71	,	43.7	,	0
9.1	,	56.37	,	1
6.48	,	69.07	,	1
3.85	,	81.78	,	1
1.23	,	94.5	,	1
0.6	,	97.49	,	1
0.5	,	97.92	,	1
0.39	,	98.36	,	1
0.29	,	98.8	,	1
0.58	,	97.47	,	1
1.18	,	94.82	,	1
1.78	,	92.17	,	1
2.38	,	89.51	,	1
3.75	,	82.66	,	1
6.57	,	67.96	,	1
9.38	,	53.25	,	1
12.2	,	38.55	,	0
14.23	,	27.89	,	0
10.88	,	44.97	,	0
7.53	,	62.05	,	1
4.18	,	79.13	,	1
0.83	,	96.21	,	1
1.16	,	94.82	,	1
1.86	,	91.53	,	1
2.57	,	88.25	,	1
3.27	,	84.98	,	1
3.1	,	85.77	,	1
2.53	,	88.42	,	1
1.96	,	91.06	,	1
1.39	,	93.69	,	1
1	,	95.49	,	1
0.82	,	96.32	,	1
0.64	,	97.16	,	1
0.45	,	98	,	1
0.31	,	98.65	,	1
0.3	,	98.7	,	1
0.29	,	98.76	,	1
0.27	,	98.81	,	1
0.26	,	98.87	,	1
0.21	,	99.1	,	1
0.16	,	99.33	,	1
0.1	,	99.55	,	1
0.05	,	99.78	,	1
0.11	,	99.52	,	1
0.2	,	99.14	,	1
0.29	,	98.76	,	1
0.37	,	98.38	,	1
0.5	,	97.8	,	1
0.66	,	97.05	,	1
0.83	,	96.3	,	1
0.99	,	95.54	,	1
1.16	,	94.68	,	1
1.35	,	93.63	,	1
1.54	,	92.57	,	1
1.73	,	91.51	,	1
2.41	,	87.94	,	1
6	,	69.26	,	1
9.59	,	50.59	,	1
13.18	,	31.93	,	0
16.76	,	13.26	,	0
17	,	11	,	0
16.96	,	10.11	,	0
16.91	,	9.22	,	0
16.87	,	8.33	,	0
16.84	,	8.09	,	0
16.82	,	8.13	,	0
16.79	,	8.17	,	0
16.77	,	8.2	,	0
16.73	,	7.96	,	0
16.68	,	7.43	,	0
16.64	,	6.9	,	0
16.59	,	6.38	,	0
16.54	,	6	,	0
16.48	,	6.05	,	0
16.42	,	6.1	,	0
16.36	,	6.15	,	0
3.55	,	83.4	,	1
3.04	,	85.47	,	1
2.53	,	87.54	,	1
2.02	,	89.61	,	1
7.82	,	63.38	,	1
13.74	,	36.63	,	0
19.66	,	9.87	,	0
14.31	,	34.46	,	0
7.93	,	63.73	,	1
1.55	,	93	,	1
0.54	,	97.61	,	1
0.47	,	97.9	,	1
0.4	,	98.18	,	1
1.72	,	92.04	,	1
3.42	,	84.14	,	1
5.12	,	76.24	,	1
5.26	,	75.48	,	1
4.78	,	77.5	,	1
4.31	,	79.52	,	1
4.41	,	78.88	,	1
4.82	,	76.85	,	1
5.22	,	74.81	,	1
4.87	,	76.55	,	1
4	,	80.91	,	1
3.12	,	85.27	,	1
2.33	,	89.13	,	1
1.62	,	92.53	,	1
0.9	,	95.92	,	1
0.79	,	96.47	,	1
1.4	,	93.66	,	1
2.01	,	90.85	,	1
3.36	,	84.03	,	1
5.87	,	71.04	,	1
8.37	,	58.05	,	1
9.86	,	50.37	,	1
9.24	,	53.53	,	1
8.62	,	56.69	,	1
8.29	,	58.95	,	1
8.72	,	58.69	,	1
9.15	,	58.43	,	1
9.14	,	59.72	,	1
7.34	,	67.28	,	1
5.54	,	74.83	,	1
3.95	,	81.51	,	1
3.72	,	82.48	,	1
3.48	,	83.45	,	1
3.25	,	84.43	,	1
2.97	,	85.6	,	1
2.68	,	86.76	,	1
2.4	,	87.93	,	1
2.49	,	87.16	,	1
2.57	,	86.39	,	1
2.66	,	85.63	,	1
3.25	,	82.92	,	1
3.89	,	80.07	,	1
4.52	,	77.23	,	1
7.46	,	63.88	,	1
10.75	,	48.97	,	0
14.03	,	34.07	,	0
13.54	,	36.16	,	0
12.13	,	42.35	,	0
10.72	,	48.53	,	0
10.29	,	49.94	,	0
10.21	,	49.67	,	0
10.13	,	49.4	,	0
7.93	,	60.24	,	1
4.72	,	76.41	,	1
1.5	,	92.58	,	1
0.27	,	98.77	,	1
0.3	,	98.58	,	1
0.32	,	98.39	,	1
0.34	,	98.3	,	1
0.34	,	98.3	,	1
0.35	,	98.3	,	1
1.91	,	91.02	,	1
5.17	,	75.85	,	1
8.43	,	60.69	,	1
9.18	,	57.21	,	1
6.4	,	70.22	,	1
3.62	,	83.24	,	1
1.87	,	91.38	,	1
2.08	,	90.44	,	1
2.28	,	89.5	,	1
2.3	,	89.39	,	1
1.88	,	91.38	,	1
1.46	,	93.37	,	1
1.45	,	93.44	,	1
2.86	,	86.63	,	1
4.27	,	79.82	,	1
5.32	,	74.67	,	1
4.36	,	78.72	,	1
3.39	,	82.76	,	1
2.71	,	85.44	,	1
4.97	,	73.94	,	1
7.23	,	62.44	,	1
9.39	,	51.42	,	1
7.66	,	61.02	,	1
5.93	,	70.63	,	1
4.2	,	80.24	,	1
3.2	,	84.95	,	1
2.23	,	89.45	,	1
1.26	,	93.94	,	1
2.02	,	89.88	,	1
2.99	,	84.79	,	1
3.96	,	79.7	,	1
3.32	,	82.97	,	1
2.34	,	88	,	1
1.36	,	93.03	,	1
1.39	,	92.88	,	1
1.75	,	91.1	,	1
2.1	,	89.33	,	1
2.32	,	87.74	,	1
2.47	,	86.23	,	1
2.63	,	84.72	,	1
2.42	,	86.21	,	1
1.99	,	89.44	,	1
1.56	,	92.67	,	1
1.2	,	94.78	,	1
0.89	,	96.03	,	1
0.58	,	97.27	,	1
0.41	,	97.96	,	1
0.38	,	98.11	,	1
0.35	,	98.26	,	1
1.48	,	91.81	,	1
4.11	,	76.79	,	1
6.73	,	61.76	,	1
7.54	,	57.17	,	1
5.24	,	70.35	,	1
2.93	,	83.54	,	1
1.24	,	93.26	,	1
0.92	,	95.07	,	1
0.6	,	96.88	,	1
0.41	,	98.02	,	1
0.61	,	97.01	,	1
0.81	,	96	,	1
1.99	,	90.04	,	1
7.82	,	60.54	,	1
13.65	,	31.03	,	0
18.71	,	5.44	,	0
17.47	,	11.98	,	0
16.22	,	18.52	,	0
14.99	,	24.92	,	0
14.07	,	28.04	,	0
13.16	,	31.17	,	0
12.24	,	34.3	,	0
9.86	,	46.28	,	1
7.44	,	58.45	,	1
5.02	,	70.62	,	1
3.6	,	78.87	,	1
2.27	,	86.75	,	1
0.95	,	94.62	,	1
1.16	,	93.28	,	1
1.65	,	90.27	,	1
2.14	,	87.27	,	1
2.96	,	83.29	,	1
3.88	,	79.03	,	1
4.79	,	74.78	,	1
3.91	,	79.5	,	1
2.33	,	87.76	,	1
0.75	,	96.03	,	1
0.34	,	98.1	,	1
0.56	,	96.87	,	1
0.78	,	95.64	,	1
1.32	,	92.72	,	1
2.09	,	88.62	,	1
2.86	,	84.52	,	1
3.17	,	82.69	,	1
3.07	,	82.96	,	1
2.97	,	83.22	,	1
2.6	,	85.15	,	1
1.93	,	89.08	,	1
1.25	,	93	,	1
0.97	,	94.44	,	1
1.31	,	91.99	,	1
1.66	,	89.53	,	1
1.8	,	88.58	,	1
1.51	,	90.74	,	1
1.22	,	92.9	,	1
0.94	,	94.86	,	1
0.69	,	96.23	,	1
0.44	,	97.6	,	1
0.22	,	98.77	,	1
0.16	,	99.12	,	1
0.1	,	99.48	,	1
0.04	,	99.79	,	1
0.03	,	99.82	,	1
0.03	,	99.85	,	1
0.03	,	99.87	,	1
0.07	,	99.62	,	1
0.12	,	99.38	,	1
0.16	,	99.14	,	1
5.06	,	76.78	,	1
9.97	,	54.38	,	1
14.88	,	31.99	,	0
10.62	,	51.45	,	0
5.7	,	73.9	,	1
0.79	,	96.36	,	1
0.14	,	99.29	,	1
0.14	,	99.26	,	1
0.14	,	99.22	,	1
0.18	,	99	,	1
0.23	,	98.73	,	1
0.28	,	98.47	,	1
2.01	,	88.7	,	1
4.33	,	75.55	,	1
6.65	,	62.4	,	1
8.12	,	53.56	,	1
9.19	,	46.82	,	1
10.25	,	40.08	,	0
10.2	,	40.16	,	0
9.43	,	44.66	,	1
8.65	,	49.16	,	1
9.26	,	46.99	,	1
11.04	,	39.15	,	0
12.82	,	31.32	,	0
11.65	,	38.3	,	0
7.25	,	61.57	,	1
2.85	,	84.83	,	1
2.25	,	87.42	,	1
7.13	,	60.35	,	1
12	,	33.29	,	0
14.76	,	16.22	,	0
13.52	,	18.08	,	0
12.29	,	19.93	,	0
10.48	,	27.65	,	0
7.19	,	50.39	,	1
3.9	,	73.14	,	1
1.23	,	91.57	,	1
0.84	,	94.27	,	1
0.46	,	96.97	,	1
0.13	,	99.23	,	1
0.16	,	98.98	,	1
0.19	,	98.74	,	1
0.29	,	98.14	,	1
1.04	,	93.64	,	1
1.79	,	89.13	,	1
2.52	,	84.74	,	1
2.28	,	86.15	,	1
2.04	,	87.56	,	1
1.8	,	88.98	,	1
2	,	87.81	,	1
2.23	,	86.53	,	1
2.45	,	85.24	,	1
1.77	,	89.34	,	1
0.98	,	94.11	,	1
0.19	,	98.88	,	1
0.1	,	99.35	,	1
0.17	,	98.89	,	1
0.23	,	98.43	,	1
0.21	,	98.6	,	1
0.16	,	98.96	,	1
0.11	,	99.32	,	1
0.2	,	98.86	,	1
0.34	,	98.04	,	1
0.48	,	97.22	,	1
1.12	,	93.39	,	1
2.06	,	87.79	,	1
3	,	82.19	,	1
4.76	,	71.88	,	1
7.16	,	57.89	,	1
9.56	,	43.91	,	1
9.47	,	44.32	,	1
6.88	,	59.32	,	1
4.29	,	74.31	,	1
2.46	,	85.06	,	1
1.61	,	90.2	,	1
0.76	,	95.35	,	1
0.49	,	97.16	,	1
1.2	,	93.19	,	1
